0 0.678162 0.807556 0.0497746 0.0172119 0.907771
0 0.332604 0.819339 0.0322451 0.0217641 0.897103
0 0.80265 0.802482 0.0955516 0.033678 0.885384
0 0.0464103 0.883057 0.0611375 0.0350332 0.870922
0 0.151988 0.818404 0.0525159 0.0257054 0.863255
0 0.527406 0.882842 0.0769723 0.0398166 0.857335
0 0.860284 0.857118 0.038051 0.025436 0.850306
0 0.0552241 0.828337 0.0565586 0.0257574 0.84886
0 0.678325 0.897304 0.0562451 0.0338234 0.846385
0 0.169306 0.763382 0.108316 0.0442068 0.842669
0 0.389933 0.803406 0.0644149 0.0218634 0.84222
0 0.0855981 0.86035 0.0440884 0.0253662 0.840594
0 0.100559 0.800175 0.075658 0.027167 0.839785
0 0.467047 0.806286 0.0657592 0.0446132 0.837462
0 0.789388 0.886802 0.0795164 0.0430848 0.836935
0 0.626655 0.820128 0.0341673 0.0210827 0.834562
0 0.144988 0.726876 0.0327457 0.0214722 0.83365
0 0.715208 0.794489 0.0246918 0.0108872 0.828558
0 0.566769 0.835529 0.0461059 0.0242019 0.820737
0 0.246649 0.847263 0.043175 0.0187839 0.816675
0 0.359468 0.696038 0.0242125 0.0115729 0.815738
0 0.149163 0.848868 0.0941954 0.0290743 0.81492
0 0.238448 0.756302 0.0591312 0.022459 0.808271
0 0.270107 0.814541 0.0509727 0.0194719 0.806428
0 0.878503 0.893499 0.0625266 0.0277986 0.802345
0 0.606232 0.780569 0.053169 0.033205 0.797659
0 0.0924958 0.758306 0.0348322 0.0426388 0.795087
0 0.434283 0.847002 0.0385297 0.0191155 0.791735
0 0.748685 0.787199 0.0349019 0.0174175 0.760622
0 0.704018 0.682226 0.0415021 0.0145628 0.758807
0 0.731479 0.906362 0.0530978 0.0572594 0.754321
0 0.765024 0.709215 0.0235704 0.0158833 0.751307
0 0.435969 0.91645 0.157095 0.0436916 0.746106
0 0.956743 0.836695 0.0576888 0.0410354 0.743661
0 0.503331 0.686127 0.0307323 0.015143 0.743131
0 0.939195 0.872767 0.0959834 0.0308853 0.739188
0 0.624319 0.705327 0.0271363 0.0102114 0.733507
0 0.422391 0.882554 0.0483299 0.0363644 0.73283
0 0.341146 0.771137 0.0432322 0.0154757 0.728326
0 0.607395 0.891271 0.0520809 0.0300952 0.727669
0 0.304563 0.765921 0.0297222 0.0151555 0.727294
0 0.395677 0.682489 0.0289944 0.0130518 0.719045
0 0.923146 0.808238 0.025632 0.0297442 0.718112
0 0.328177 0.886684 0.0302435 0.0181842 0.717708
0 0.0712756 0.620509 0.0255038 0.0113587 0.712049
0 0.670834 0.850592 0.0256758 0.0183247 0.712024
0 0.820775 0.710549 0.02786 0.0119355 0.711339
0 0.105578 0.907951 0.0514555 0.0474167 0.700115
0 0.158075 0.791915 0.0282583 0.0180495 0.699159
0 0.322851 0.843056 0.030023 0.0168737 0.691932
0 0.252772 0.907855 0.120451 0.0479714 0.684576
0 0.491589 0.854666 0.0305377 0.012673 0.682821
0 0.217897 0.858739 0.0522401 0.0163566 0.676586
0 0.882997 0.819967 0.0534159 0.020364 0.675965
0 0.216325 0.804408 0.037995 0.018161 0.67248
0 0.0206031 0.717129 0.0353103 0.0139382 0.669093
0 0.804987 0.827182 0.0437895 0.0127155 0.665522
0 0.567782 0.692865 0.0246972 0.0118016 0.649083
0 0.951704 0.793704 0.0271617 0.0104441 0.629555
0 0.610527 0.914005 0.115771 0.03266 0.62667
0 0.382742 0.724954 0.0300081 0.0168243 0.623424
0 0.0224342 0.856507 0.0232887 0.00943549 0.619034
0 0.340733 0.915952 0.027674 0.0161522 0.614951
0 0.0271442 0.768356 0.0537142 0.0410805 0.602688
0 0.323343 0.909307 0.0169857 0.0128265 0.600555
0 0.164667 0.872369 0.0584462 0.0260609 0.600279
0 0.455615 0.632691 0.0406428 0.0130162 0.599941
0 0.272288 0.698336 0.0451137 0.0196318 0.599226
0 0.48347 0.704844 0.0680092 0.0146448 0.58716
0 0.0283264 0.608264 0.0497199 0.0194425 0.581854
0 0.779988 0.842753 0.0213065 0.014329 0.579329
0 0.146041 0.616943 0.0200718 0.0157357 0.578618
0 0.700566 0.870043 0.0206973 0.00911983 0.575483
0 0.374505 0.828071 0.0370627 0.0150875 0.560423
0 0.521372 0.828195 0.0246521 0.0112476 0.556802
0 0.516908 0.743585 0.0211937 0.00883798 0.550597
0 0.258921 0.738032 0.0251583 0.0115364 0.54134
0 0.139946 0.561584 0.0255357 0.0115337 0.535179
0 0.318739 0.86888 0.0258715 0.00914424 0.514541
0 0.0510458 0.694355 0.0203399 0.0139872 0.504562
0 0.232246 0.68932 0.0325271 0.0258001 0.484998
0 0.288419 0.615577 0.0225371 0.011138 0.482883
0 0.189154 0.677772 0.0218088 0.00966318 0.482194
0 0.404078 0.645151 0.0184285 0.00998716 0.471551
0 0.185783 0.886954 0.063805 0.0353206 0.469969
0 0.512497 0.770347 0.0196926 0.0123941 0.461227
0 0.615108 0.680765 0.0220549 0.0103501 0.458674
0 0.821053 0.932117 0.0208386 0.0090408 0.451553
0 0.819947 0.751812 0.0365408 0.0145289 0.442213
0 0.260733 0.717445 0.0188556 0.012497 0.441034
0 0.603956 0.86444 0.0226535 0.010314 0.437001
0 0.738417 0.804825 0.023419 0.00890462 0.435608
0 0.673891 0.722524 0.0247783 0.0117477 0.433605
0 0.697761 0.932356 0.0243709 0.0115398 0.428292
0 0.409861 0.89307 0.035641 0.0146164 0.385748
0 0.689188 0.920244 0.017373 0.00845992 0.381701
0 0.297926 0.684591 0.013832 0.00876998 0.375106
0 0.011577 0.704749 0.0184182 0.00811022 0.37045
0 0.2329 0.723638 0.0217312 0.0119613 0.369182
0 0.982334 0.890287 0.0225566 0.0141056 0.367053
0 0.77062 0.723987 0.0327051 0.0115393 0.353377
0 0.435308 0.665862 0.0167529 0.00896918 0.346637
0 0.791723 0.611685 0.024716 0.0076534 0.342337
0 0.936938 0.734866 0.0173798 0.0151127 0.340679
0 0.337545 0.671667 0.0201464 0.00722824 0.319863
0 0.381996 0.838144 0.0282223 0.0119255 0.31479
0 0.838252 0.884797 0.0224069 0.0103645 0.313342
0 0.299884 0.785407 0.0181758 0.00839337 0.294623
0 0.0844803 0.635754 0.0163295 0.00780658 0.289487
0 0.427148 0.543553 0.0329474 0.00758974 0.288212
0 0.756738 0.88233 0.0200936 0.0103935 0.283202
0 0.306125 0.801503 0.0295803 0.0105802 0.275629
0 0.665355 0.744764 0.0134601 0.00647104 0.271995
0 0.0104225 0.5832 0.0191778 0.00862368 0.267852
0 0.362449 0.731123 0.0162361 0.00846883 0.257481
