0 0.869982 0.880771 0.0543136 0.0333042 0.887398
0 0.594963 0.867708 0.0308361 0.0214249 0.886346
0 0.827138 0.827058 0.104237 0.0366725 0.876956
0 0.0713709 0.854901 0.0546181 0.0371156 0.855164
0 0.374471 0.827011 0.0849456 0.0343643 0.853803
0 0.2985 0.848961 0.040493 0.0154175 0.842628
0 0.243873 0.808349 0.0442025 0.0176313 0.840439
0 0.597859 0.708162 0.0394535 0.0137346 0.827878
0 0.702031 0.918202 0.0827166 0.0298787 0.826912
0 0.636283 0.816032 0.0612922 0.022424 0.822942
0 0.444717 0.879863 0.0391395 0.0181904 0.822725
0 0.713092 0.824984 0.0420827 0.023595 0.822525
0 0.0564257 0.904024 0.0634227 0.0282479 0.820423
0 0.453026 0.816883 0.0496235 0.0204669 0.814695
0 0.500816 0.839285 0.0852959 0.0297707 0.808511
0 0.896388 0.910199 0.0744746 0.0267616 0.807593
0 0.728302 0.695727 0.0402822 0.0145426 0.805182
0 0.0941223 0.892468 0.0471692 0.0265762 0.804902
0 0.252487 0.835597 0.0639628 0.023917 0.803481
0 0.163491 0.801066 0.112919 0.0541176 0.797372
0 0.413901 0.847148 0.0305828 0.0215287 0.794551
0 0.805752 0.749505 0.0421752 0.0245594 0.792801
0 0.279318 0.884837 0.0507729 0.0257624 0.791285
0 0.192634 0.887478 0.121682 0.033751 0.786775
0 0.120907 0.837678 0.074755 0.0464572 0.780849
0 0.96427 0.839978 0.0342744 0.0239017 0.779283
0 0.646859 0.842698 0.0435203 0.0267376 0.774928
0 0.808332 0.873038 0.0393105 0.0280838 0.772237
0 0.800943 0.903931 0.0838189 0.0304853 0.755777
0 0.909809 0.83368 0.0469164 0.0237234 0.7489
0 0.0302367 0.756246 0.0254284 0.0140918 0.746889
0 0.387431 0.74293 0.0437601 0.0138563 0.746778
0 0.276228 0.796121 0.0445285 0.0218985 0.737753
0 0.353317 0.903494 0.0247465 0.0139609 0.737349
0 0.441634 0.77962 0.024573 0.0144765 0.717854
0 0.296245 0.707203 0.0338688 0.0144476 0.701169
0 0.639382 0.721365 0.0264176 0.00971517 0.699931
0 0.0533075 0.799933 0.0568907 0.0307949 0.688555
0 0.509764 0.86782 0.030738 0.0129982 0.670698
0 0.33346 0.787773 0.0271156 0.0181506 0.668417
0 0.184076 0.866276 0.0481437 0.0271458 0.665486
0 0.36828 0.718915 0.0239982 0.0114109 0.655843
0 0.0862844 0.653406 0.0274895 0.0155399 0.64959
0 0.0326494 0.870044 0.0197691 0.0108319 0.637828
0 0.729003 0.806682 0.0226131 0.0132315 0.614367
0 0.848529 0.782644 0.0247618 0.0108932 0.613159
0 0.0301911 0.630559 0.0213456 0.010495 0.612547
0 0.53162 0.912225 0.109645 0.0352448 0.610973
0 0.564457 0.852636 0.023391 0.0101395 0.603268
0 0.704439 0.875091 0.0259711 0.016163 0.601601
0 0.637338 0.885347 0.0238041 0.0119496 0.601418
0 0.140333 0.592582 0.0240686 0.00916129 0.600185
0 0.392927 0.707466 0.0329037 0.0119788 0.592989
0 0.530074 0.754598 0.0251815 0.00863982 0.591733
0 0.0634905 0.718348 0.0197406 0.00930768 0.578826
0 0.525926 0.776777 0.0197486 0.0138417 0.57557
0 0.406038 0.66929 0.0211301 0.013673 0.568779
0 0.245879 0.769921 0.0397999 0.0149139 0.564657
0 0.8489 0.735184 0.0242181 0.0112609 0.56099
0 0.760238 0.800419 0.031687 0.020713 0.552655
0 0.966229 0.759477 0.0185638 0.0116985 0.541777
0 0.162244 0.647028 0.0218608 0.0146771 0.534355
0 0.503686 0.709832 0.0398954 0.0148087 0.528059
0 0.133567 0.872611 0.0357077 0.0182592 0.515701
0 0.577972 0.767559 0.0178581 0.00911187 0.512245
0 0.111398 0.757291 0.0239079 0.00898031 0.511503
0 0.971071 0.81541 0.0225646 0.011935 0.506366
0 0.284663 0.747777 0.0332397 0.0297824 0.500681
0 0.56218 0.678091 0.0222501 0.00867789 0.498481
0 0.68866 0.73657 0.0221183 0.0112743 0.497753
0 0.353043 0.933577 0.0321849 0.0189034 0.481215
0 0.929268 0.869688 0.0244776 0.0127762 0.48019
0 0.351777 0.86678 0.0338031 0.0221898 0.468964
0 0.508141 0.81528 0.0161053 0.00964093 0.446392
0 0.289161 0.633091 0.0225158 0.011002 0.426551
0 0.629659 0.694788 0.0232357 0.0110726 0.424161
0 0.702617 0.791542 0.0164709 0.0101799 0.417344
0 0.582898 0.891809 0.0200312 0.0131035 0.415057
0 0.471741 0.856338 0.0187534 0.0117987 0.393097
0 0.010868 0.879057 0.0217359 0.015464 0.392523
0 0.215573 0.832855 0.0177336 0.00933802 0.389525
0 0.468855 0.643766 0.0214068 0.00800971 0.385622
0 0.717245 0.891137 0.0223926 0.00861238 0.38177
0 0.0257349 0.64963 0.0483198 0.0179747 0.379264
0 0.763446 0.92887 0.0391593 0.0212944 0.374351
0 0.488564 0.716675 0.0756104 0.0284144 0.363376
0 0.5875 0.905433 0.0500502 0.0139241 0.361233
0 0.752336 0.632378 0.0182179 0.00611875 0.359718
0 0.251791 0.729912 0.0297014 0.0237908 0.352464
0 0.476435 0.723914 0.0507235 0.012864 0.343986
0 0.189758 0.917599 0.0253896 0.0164017 0.343108
0 0.389081 0.936273 0.0400116 0.0233048 0.342225
0 0.0127605 0.801175 0.0255211 0.0242183 0.337673
0 0.246171 0.609601 0.0256233 0.00853195 0.332252
0 0.124902 0.907072 0.0154986 0.0118149 0.332141
0 0.19787 0.715444 0.0250799 0.0150682 0.325117
0 0.503607 0.712389 0.0429665 0.0220005 0.317985
0 0.843399 0.845975 0.044138 0.0174595 0.309005
0 0.755281 0.90956 0.0272398 0.018511 0.299203
0 0.918768 0.621465 0.0184216 0.00725233 0.279078
0 0.346603 0.679412 0.0236222 0.00768374 0.272162
0 0.454035 0.928473 0.0443433 0.0270248 0.269642
0 0.710649 0.942353 0.0232598 0.0113704 0.26949
0 0.0274982 0.731393 0.0177638 0.00956037 0.267818
0 0.962084 0.873196 0.0723076 0.0454451 0.263488
0 0.0113238 0.693233 0.0164385 0.00626677 0.262149
0 0.692294 0.770928 0.0205005 0.00722638 0.257734
0 0.669348 0.859023 0.0167765 0.00789053 0.25238
0 0.783477 0.618292 0.0256657 0.0088808 0.252379
