0 0.231162 0.877742 0.101683 0.0833264 0.885262
0 0.060311 0.77536 0.0557437 0.0260803 0.879555
0 0.492105 0.883465 0.0396036 0.0100084 0.878367
0 0.411481 0.867547 0.0656333 0.0227813 0.874241
0 0.223662 0.809775 0.036232 0.0178193 0.859061
0 0.0926599 0.87278 0.0524785 0.029747 0.855419
0 0.546105 0.867949 0.062893 0.0320976 0.854793
0 0.408425 0.781278 0.0550172 0.0307215 0.853757
0 0.153713 0.818354 0.0603054 0.0268477 0.841593
0 0.120327 0.705391 0.0401426 0.0268439 0.841517
0 0.403916 0.827356 0.0375055 0.0229149 0.840228
0 0.426164 0.807851 0.0361058 0.0172132 0.838271
0 0.0328064 0.807999 0.0541869 0.0153212 0.836881
0 0.493928 0.669016 0.0326461 0.0140323 0.833595
0 0.803681 0.877448 0.13688 0.0426799 0.832845
0 0.135522 0.847045 0.0746953 0.0303778 0.827527
0 0.57384 0.753229 0.0549657 0.0358629 0.823816
0 0.726784 0.682876 0.0223292 0.0126743 0.823211
0 0.515066 0.830198 0.0317814 0.0287703 0.820909
0 0.126018 0.677921 0.0323707 0.0134218 0.818917
0 0.247009 0.657748 0.026572 0.0146261 0.810762
0 0.543695 0.896095 0.057713 0.0237351 0.810739
0 0.344651 0.783321 0.0644514 0.0200368 0.810652
0 0.338998 0.807659 0.0346706 0.0132725 0.807207
0 0.401845 0.906951 0.125496 0.0555138 0.806206
0 0.599603 0.893923 0.0576854 0.0303375 0.801659
0 0.474815 0.904796 0.0296666 0.0145465 0.800771
0 0.493002 0.865474 0.0445935 0.0253864 0.792694
0 0.445289 0.619182 0.0364734 0.0121201 0.78941
0 0.750963 0.853694 0.0394288 0.0126072 0.788112
0 0.294272 0.814612 0.0642025 0.022725 0.787339
0 0.197888 0.834526 0.0456611 0.0288452 0.786726
0 0.915489 0.915712 0.0570107 0.0277306 0.774759
0 0.0258745 0.724124 0.0430221 0.0173452 0.765019
0 0.67576 0.672448 0.0412428 0.0146625 0.762589
0 0.753538 0.788004 0.0336677 0.0153193 0.759177
0 0.280056 0.786631 0.050959 0.0179676 0.754547
0 0.82548 0.813321 0.0290633 0.0180294 0.752176
0 0.126152 0.790618 0.06358 0.0326081 0.751069
0 0.47375 0.689393 0.0705464 0.0216831 0.749894
0 0.0336869 0.864932 0.0661465 0.0392121 0.742781
0 0.666815 0.928977 0.043008 0.0172882 0.742247
0 0.400934 0.655761 0.0260987 0.00953487 0.740677
0 0.78665 0.776061 0.0745066 0.0197131 0.739126
0 0.46468 0.84621 0.0488959 0.0139166 0.737748
0 0.0669864 0.738189 0.042116 0.0287561 0.735422
0 0.862187 0.928275 0.0275771 0.0175163 0.734895
0 0.485112 0.806375 0.0241359 0.0097149 0.730444
0 0.209811 0.717885 0.0544459 0.0231577 0.726887
0 0.580113 0.852514 0.0267371 0.0107613 0.725002
0 0.806702 0.732233 0.0273199 0.0161228 0.722632
0 0.237561 0.789083 0.0437561 0.0150134 0.71975
0 0.0942963 0.899268 0.0383843 0.0195511 0.717084
0 0.738615 0.916083 0.0334535 0.0122799 0.716002
0 0.939878 0.885834 0.0254085 0.0146505 0.714974
0 0.291575 0.876951 0.0277883 0.0214546 0.711961
0 0.347672 0.823855 0.0273656 0.0147373 0.701326
0 0.625529 0.797785 0.0750211 0.0346865 0.695709
0 0.173435 0.764289 0.0346773 0.0292043 0.691269
0 0.253294 0.675979 0.0423415 0.0182809 0.690261
0 0.684666 0.882828 0.0632627 0.0487035 0.68664
0 0.542623 0.682491 0.0259947 0.00932848 0.680916
0 0.0713552 0.830827 0.0481464 0.018494 0.680215
0 0.783405 0.690367 0.0305221 0.0114935 0.678732
0 0.305566 0.73825 0.0437388 0.0201141 0.668186
0 0.640517 0.837545 0.0269447 0.0192066 0.666284
0 0.590364 0.668579 0.0462746 0.0188097 0.660258
0 0.209783 0.651753 0.0366936 0.0198938 0.660163
0 0.736658 0.70243 0.0309712 0.0110976 0.657023
0 0.924765 0.766896 0.0305683 0.0160664 0.656092
0 0.270173 0.739172 0.0273076 0.0117145 0.647196
0 0.170142 0.726332 0.024899 0.0201443 0.641296
0 0.775355 0.812373 0.0374166 0.0166531 0.630263
0 0.346923 0.679096 0.026172 0.0111981 0.629543
0 0.695396 0.787134 0.0221598 0.0113603 0.629369
0 0.051909 0.588821 0.025107 0.0153022 0.623609
0 0.218301 0.68861 0.0227691 0.0082048 0.609461
0 0.445907 0.778415 0.0166603 0.0129082 0.60785
0 0.128179 0.916966 0.022218 0.0209739 0.607517
0 0.308616 0.90487 0.0304975 0.0148537 0.603084
0 0.656454 0.717195 0.0216284 0.00861025 0.592514
0 0.497746 0.766231 0.0244708 0.0120775 0.589185
0 0.887341 0.772785 0.0238219 0.0143623 0.581015
0 0.129313 0.734794 0.0781012 0.0330502 0.576171
0 0.608522 0.693048 0.0282086 0.00938318 0.557161
0 0.952714 0.871189 0.0227636 0.0124512 0.549739
0 0.881786 0.845214 0.113395 0.0491149 0.543965
0 0.574267 0.776208 0.0304876 0.0119167 0.52753
0 0.272824 0.758139 0.0195369 0.00944019 0.526854
0 0.725161 0.775825 0.025695 0.0155155 0.515373
0 0.673001 0.883403 0.0883064 0.0513027 0.503261
0 0.285703 0.604283 0.0244078 0.0102947 0.503059
0 0.160894 0.89313 0.0281759 0.0360159 0.501769
0 0.532819 0.813526 0.0263188 0.017743 0.494734
0 0.649889 0.905393 0.0322164 0.0126017 0.486274
0 0.357102 0.718625 0.0293508 0.0173415 0.482148
0 0.361883 0.889178 0.0363947 0.0200637 0.472474
0 0.0311708 0.708331 0.0188914 0.00734728 0.468794
0 0.905956 0.884779 0.029194 0.0121569 0.463508
0 0.0389596 0.679844 0.0141439 0.00804326 0.457527
0 0.131665 0.534483 0.0250267 0.0125529 0.457043
0 0.0131568 0.570168 0.0240901 0.0126459 0.453392
0 0.186011 0.798249 0.0165859 0.0111261 0.451014
0 0.243609 0.69365 0.0195923 0.0150963 0.436686
0 0.915886 0.7144 0.0162246 0.0154886 0.436631
0 0.330682 0.894365 0.0172654 0.0189223 0.435624
0 0.56894 0.912229 0.025449 0.0208475 0.429839
0 0.371445 0.704483 0.0272291 0.00817012 0.42039
0 0.395443 0.725708 0.0246767 0.0125592 0.412918
0 0.132843 0.58923 0.016205 0.0147272 0.408261
0 0.928126 0.767349 0.0384644 0.018854 0.399553
0 0.988628 0.70948 0.0211003 0.0123764 0.397862
0 0.463039 0.722444 0.0166406 0.0124672 0.393525
0 0.650984 0.876756 0.042099 0.0343556 0.388358
0 0.172884 0.914457 0.0262567 0.0217979 0.388214
0 0.136912 0.763489 0.0252494 0.0138261 0.382061
0 0.689053 0.844941 0.0197635 0.00778293 0.380811
0 0.568642 0.730502 0.01732 0.0100779 0.380548
0 0.0121078 0.839972 0.0237313 0.00855026 0.379533
0 0.0709705 0.835299 0.0480405 0.0272014 0.374088
0 0.263771 0.636469 0.016293 0.0073183 0.361954
0 0.902029 0.834178 0.157411 0.0709455 0.350499
0 0.743459 0.870944 0.0206908 0.0120709 0.335991
0 0.0209495 0.753288 0.0403399 0.0300158 0.325679
0 0.598613 0.840149 0.0138795 0.00841661 0.315985
0 0.565761 0.806626 0.0403534 0.019763 0.314933
0 0.720878 0.607017 0.020788 0.00658646 0.314112
0 0.683421 0.807591 0.0134535 0.00786567 0.312301
0 0.745259 0.63845 0.0168436 0.00883522 0.302762
0 0.0940123 0.559696 0.0176316 0.00851707 0.300694
0 0.881499 0.528067 0.0277936 0.0129108 0.296333
0 0.0813131 0.844831 0.0201488 0.00974311 0.292291
0 0.314067 0.794732 0.025396 0.00589428 0.282685
0 0.280041 0.670652 0.0169271 0.00898858 0.275052
0 0.0731952 0.913021 0.0164847 0.0141968 0.269072
0 0.323291 0.669598 0.016972 0.00826294 0.259379
0 0.0104675 0.685367 0.020258 0.01185 0.259028
0 0.20128 0.738735 0.0249696 0.0135956 0.252966
0 0.108318 0.741404 0.0370523 0.020899 0.252924
