0 0.228955 0.798291 0.0877542 0.0506666 0.929188
0 0.222633 0.856771 0.15315 0.0590607 0.92131
0 0.628545 0.813409 0.12291 0.052068 0.8966
0 0.146513 0.83197 0.0424276 0.0227806 0.881809
0 0.954797 0.76753 0.067242 0.0345595 0.875374
0 0.594463 0.884289 0.104663 0.0312652 0.870706
0 0.411882 0.825631 0.0792808 0.0338165 0.866677
0 0.354943 0.831668 0.0535265 0.0270481 0.843224
0 0.23076 0.70267 0.0344563 0.0134987 0.822625
0 0.311542 0.657091 0.0360657 0.017506 0.813601
0 0.562922 0.788555 0.0463771 0.0199482 0.806979
0 0.0387091 0.654647 0.0505763 0.0173249 0.791807
0 0.490225 0.821219 0.0274937 0.0151008 0.779027
0 0.475156 0.620878 0.0256419 0.0131412 0.772955
0 0.0995201 0.849557 0.0364633 0.027684 0.753818
0 0.846753 0.735784 0.0430076 0.0124176 0.749712
0 0.172004 0.774829 0.044063 0.0343759 0.739035
0 0.350942 0.887875 0.0761553 0.0396506 0.730384
0 0.168424 0.680422 0.0250848 0.0114307 0.7203
0 0.28715 0.834161 0.0341113 0.0203357 0.716812
0 0.780782 0.640397 0.0463793 0.0221961 0.713329
0 0.828925 0.626911 0.0656631 0.0271484 0.712962
0 0.0389188 0.846902 0.0745153 0.043158 0.712048
0 0.211869 0.769611 0.0319968 0.0350083 0.700439
0 0.934012 0.817866 0.0271372 0.0150246 0.697799
0 0.765199 0.759684 0.0322288 0.0141285 0.683271
0 0.0802003 0.673943 0.0374397 0.0189259 0.646399
0 0.255362 0.663348 0.0214205 0.012581 0.629978
0 0.145255 0.593046 0.0255097 0.0107675 0.629786
0 0.958605 0.661909 0.0222699 0.00846246 0.573503
0 0.0259275 0.67868 0.0236814 0.0227356 0.568585
0 0.740206 0.670029 0.021302 0.0129189 0.550994
0 0.924002 0.670198 0.0182602 0.00843515 0.546398
0 0.607513 0.661258 0.0158189 0.00858439 0.526715
0 0.0469079 0.806037 0.0206966 0.0162563 0.466363
0 0.0175448 0.798856 0.034986 0.0155937 0.434431
0 0.0134611 0.741339 0.0264865 0.0207646 0.430088
0 0.94034 0.648626 0.0228963 0.0120556 0.416166
0 0.595813 0.704188 0.0181434 0.00863855 0.412618
0 0.79427 0.867283 0.185873 0.0852289 0.385181
0 0.364841 0.554561 0.020955 0.00973737 0.329575
0 0.205472 0.561255 0.0215601 0.0127947 0.327953
0 0.00970902 0.885074 0.0188472 0.0162128 0.322455
0 0.692289 0.635752 0.0180819 0.00607702 0.310052
0 0.417358 0.788297 0.0221398 0.0119042 0.294081
0 0.0138587 0.737942 0.0277173 0.0283623 0.29322
0 0.99153 0.800551 0.0169392 0.0355168 0.289256
0 0.939539 0.536469 0.0316175 0.0131587 0.276437
0 0.0677752 0.674151 0.0608744 0.0194932 0.274973
0 0.0921219 0.881886 0.0411446 0.0199219 0.27016
