0 0.160195 0.857841 0.0422603 0.0187952 0.879203
0 0.927226 0.821813 0.0509811 0.0181261 0.844542
0 0.237935 0.822044 0.0531976 0.0252701 0.836716
0 0.241731 0.874668 0.0660046 0.0240828 0.821026
0 0.716766 0.883336 0.0317036 0.0202174 0.819238
0 0.321522 0.694597 0.0279722 0.0144024 0.815154
0 0.144929 0.776424 0.045158 0.02486 0.787073
0 0.701364 0.77245 0.0365679 0.0147191 0.782619
0 0.347459 0.82987 0.0272117 0.0184811 0.775504
0 0.764688 0.874655 0.0363939 0.0156097 0.770804
0 0.517358 0.701986 0.0430844 0.0212341 0.770154
0 0.567001 0.890606 0.0361933 0.0187485 0.769837
0 0.872893 0.789469 0.0702734 0.0179701 0.758993
0 0.297098 0.828507 0.0234499 0.0138146 0.75604
0 0.972614 0.861968 0.0280669 0.0244562 0.754093
0 0.65371 0.870358 0.0290418 0.0169239 0.742628
0 0.0374448 0.680092 0.0277207 0.0169474 0.740798
0 0.184258 0.607887 0.0303756 0.0116129 0.737524
0 0.7499 0.654487 0.0283752 0.013446 0.723775
0 0.249122 0.747246 0.0241259 0.0154168 0.721722
0 0.510711 0.745781 0.0245269 0.011881 0.719689
0 0.677212 0.838443 0.0335103 0.0164158 0.717407
0 0.96477 0.771621 0.0478552 0.0135166 0.712112
0 0.620621 0.718791 0.0272266 0.0117928 0.708426
0 0.488205 0.658659 0.031804 0.0207159 0.703232
0 0.541957 0.569533 0.0475102 0.014055 0.666715
0 0.335899 0.889359 0.0757084 0.0194822 0.650729
0 0.664183 0.799208 0.039133 0.013193 0.639284
0 0.50828 0.764426 0.0270126 0.0107552 0.62897
0 0.881005 0.865326 0.0326612 0.0113441 0.624628
0 0.284822 0.657549 0.0289003 0.012348 0.621372
0 0.467629 0.707008 0.0265144 0.0128519 0.614294
0 0.541184 0.841907 0.0527885 0.0334074 0.586647
0 0.333681 0.87096 0.0228946 0.0148312 0.584617
0 0.748271 0.785182 0.0175449 0.0144801 0.572817
0 0.221415 0.663517 0.0207281 0.009511 0.569613
0 0.61987 0.783073 0.0241472 0.00908908 0.565852
0 0.682199 0.914724 0.027675 0.0129316 0.562241
0 0.123527 0.835251 0.0193973 0.0128685 0.543721
0 0.44095 0.731289 0.018829 0.00854949 0.53381
0 0.450722 0.822778 0.0285714 0.0214536 0.513986
0 0.755508 0.612278 0.0266151 0.0166531 0.484133
0 0.308827 0.668254 0.0218253 0.00687789 0.471758
0 0.667023 0.892436 0.0226628 0.0096091 0.451661
0 0.333182 0.777886 0.0240721 0.00874928 0.449318
0 0.542866 0.83503 0.0518835 0.0354614 0.407208
0 0.319364 0.506098 0.0288177 0.0136582 0.401984
0 0.165342 0.745914 0.0159027 0.008885 0.386003
0 0.550471 0.829074 0.0386878 0.0210167 0.38014
0 0.139841 0.584112 0.0199951 0.0134914 0.367427
0 0.565555 0.510667 0.0178353 0.0108585 0.34575
0 0.12285 0.653228 0.0150144 0.0114514 0.316877
0 0.863454 0.706153 0.0173493 0.00725324 0.314486
0 0.144898 0.826211 0.0207481 0.0117215 0.283665
