0 0.537888 0.758559 0.109225 0.0848275 0.889463
0 0.634602 0.715111 0.0595293 0.0355589 0.889122
0 0.39368 0.736769 0.100702 0.0359684 0.871039
0 0.652474 0.672289 0.0698609 0.0425114 0.865352
0 0.356332 0.546649 0.0859229 0.0328051 0.856335
0 0.530392 0.676811 0.112918 0.0446633 0.833553
0 0.756541 0.834803 0.0464559 0.0301666 0.831338
0 0.894531 0.668356 0.0706271 0.0482822 0.830018
0 0.27526 0.537834 0.0440311 0.0236925 0.828879
0 0.761121 0.708892 0.0830462 0.0235512 0.828203
0 0.688865 0.83818 0.0899227 0.0322609 0.827479
0 0.60542 0.51518 0.0461228 0.0356174 0.825794
0 0.320374 0.914974 0.147046 0.0681244 0.825679
0 0.741956 0.597003 0.0452369 0.023283 0.823669
0 0.521288 0.581652 0.0524565 0.0424312 0.820717
0 0.194595 0.606209 0.0680779 0.0191307 0.818748
0 0.91893 0.75824 0.0670544 0.038031 0.818574
0 0.0653503 0.795353 0.0627152 0.0261051 0.814259
0 0.391474 0.85593 0.0661342 0.0291874 0.811802
0 0.878724 0.844164 0.0656978 0.0318207 0.808712
0 0.344092 0.596689 0.0626852 0.0271217 0.807964
0 0.192364 0.864908 0.0517751 0.0278107 0.806263
0 0.632492 0.562863 0.0500023 0.0277626 0.803595
0 0.530573 0.832059 0.0354697 0.0193549 0.803181
0 0.170098 0.805444 0.0470775 0.0341869 0.802519
0 0.536164 0.457102 0.0397765 0.0176105 0.799094
0 0.935702 0.42367 0.0754524 0.0401555 0.794361
0 0.36777 0.616757 0.0452738 0.0207651 0.79263
0 0.714432 0.52535 0.0371917 0.0247102 0.788683
0 0.663176 0.735608 0.044524 0.017002 0.787934
0 0.672181 0.890287 0.165635 0.0488422 0.7872
0 0.533329 0.874052 0.112047 0.0406956 0.786357
0 0.797937 0.585508 0.0333272 0.0235161 0.780855
0 0.599447 0.935282 0.104789 0.0415543 0.780651
0 0.967932 0.628792 0.051937 0.0278455 0.777366
0 0.0606517 0.67915 0.0582892 0.0280813 0.776005
0 0.0444771 0.623689 0.0621527 0.0194155 0.775048
0 0.109102 0.699918 0.0547898 0.0438655 0.77218
0 0.62661 0.90999 0.0948101 0.0355792 0.77174
0 0.923692 0.935941 0.0697474 0.0440033 0.770689
0 0.692272 0.713119 0.0404752 0.0366413 0.769928
0 0.162713 0.895889 0.0641122 0.0292041 0.769634
0 0.189324 0.834242 0.0384132 0.0179861 0.767693
0 0.33842 0.682897 0.0537446 0.033792 0.766741
0 0.735032 0.749719 0.0785549 0.0247566 0.766168
0 0.710747 0.671789 0.0456571 0.037504 0.765686
0 0.881808 0.902856 0.113788 0.0260916 0.765219
0 0.862915 0.876411 0.0652827 0.0281855 0.761295
0 0.889658 0.556668 0.0437459 0.0276316 0.758909
0 0.67033 0.755534 0.0304619 0.0211824 0.757618
0 0.62221 0.803911 0.0386901 0.0298607 0.756677
0 0.871471 0.645067 0.0313411 0.0199856 0.755609
0 0.493915 0.74636 0.0395887 0.0255476 0.752632
0 0.416167 0.510954 0.0528479 0.0196445 0.752295
0 0.146099 0.736536 0.058444 0.022947 0.750299
0 0.620799 0.753105 0.0446589 0.0248203 0.748426
0 0.289762 0.700578 0.0732566 0.0302042 0.74712
0 0.756666 0.808099 0.0442266 0.0217099 0.747109
0 0.687496 0.956731 0.0385889 0.0171148 0.745216
0 0.172066 0.707166 0.0823234 0.0418874 0.744688
0 0.734481 0.506764 0.0276625 0.0244228 0.744254
0 0.54336 0.710082 0.0409262 0.0172932 0.741115
0 0.287247 0.490841 0.02763 0.0269049 0.737222
0 0.151127 0.760363 0.0749476 0.0265301 0.736872
0 0.179983 0.922254 0.0388139 0.0198404 0.735796
0 0.566548 0.646722 0.034598 0.0222526 0.735181
0 0.637976 0.776479 0.0368176 0.01934 0.734321
0 0.487451 0.478163 0.0596911 0.0227032 0.732907
0 0.130442 0.869808 0.0482432 0.0272072 0.731025
0 0.247873 0.55689 0.0223191 0.0145331 0.730478
0 0.332651 0.796311 0.0406719 0.039531 0.729532
0 0.631018 0.833633 0.029469 0.0216957 0.727781
0 0.74488 0.730147 0.0277491 0.0164122 0.727539
0 0.628316 0.456803 0.0275684 0.00967086 0.727135
0 0.760972 0.62042 0.0460148 0.0127634 0.726322
0 0.757952 0.459059 0.0265167 0.0229446 0.721244
0 0.0595811 0.824077 0.0989095 0.0387413 0.720172
0 0.221361 0.746072 0.0662647 0.0307152 0.719851
0 0.218916 0.899779 0.0590251 0.0310156 0.717529
0 0.205096 0.943725 0.0566086 0.0243961 0.717226
0 0.129057 0.580206 0.0500638 0.0246205 0.716177
0 0.844957 0.41624 0.0307006 0.0188413 0.715296
0 0.224027 0.842012 0.0326842 0.016487 0.715101
0 0.279927 0.788327 0.0586404 0.03652 0.713059
0 0.369366 0.712054 0.0238578 0.0171852 0.711995
0 0.135149 0.78254 0.0325651 0.013059 0.707921
0 0.462687 0.86741 0.0400339 0.0232424 0.704873
0 0.386545 0.682077 0.032327 0.0120716 0.703332
0 0.555557 0.617784 0.0330377 0.015283 0.699529
0 0.371144 0.492687 0.0498641 0.0163208 0.697837
0 0.743845 0.940852 0.034128 0.0164604 0.696908
0 0.250536 0.813443 0.0404483 0.0185189 0.69516
0 0.315513 0.748308 0.0432176 0.0285679 0.694011
0 0.341858 0.639349 0.0812546 0.0210521 0.693727
0 0.809441 0.935612 0.0366395 0.0178293 0.693256
0 0.0751052 0.89232 0.040345 0.0453751 0.688698
0 0.812199 0.752983 0.0231951 0.0144662 0.68682
0 0.0735337 0.494349 0.030363 0.0207354 0.686638
0 0.621671 0.63991 0.0689686 0.0213432 0.684502
0 0.580984 0.81339 0.0434807 0.0363902 0.683326
0 0.812351 0.404589 0.0195295 0.0186423 0.683024
0 0.913397 0.704407 0.0753194 0.0308369 0.681387
0 0.433361 0.61059 0.0379432 0.0141774 0.680521
0 0.537877 0.521887 0.0269776 0.0197872 0.680302
0 0.531318 0.728264 0.0357845 0.0205217 0.67921
0 0.749376 0.571262 0.0462651 0.0205788 0.67876
0 0.283607 0.822798 0.0281962 0.0119945 0.677224
0 0.329318 0.865807 0.0439033 0.0275354 0.675391
0 0.213343 0.882787 0.0345072 0.017103 0.674697
0 0.288528 0.867075 0.0528334 0.0308838 0.674103
0 0.646415 0.528189 0.0406978 0.0172735 0.672104
0 0.856715 0.791723 0.0276058 0.0197769 0.671876
0 0.913301 0.622727 0.0547837 0.0238727 0.670428
0 0.824687 0.61552 0.0289008 0.0135031 0.666526
0 0.362693 0.821739 0.0228417 0.0161974 0.665969
0 0.0511439 0.652448 0.030471 0.022901 0.664683
0 0.971767 0.713453 0.0447769 0.0460036 0.663349
0 0.562509 0.59437 0.019947 0.0138092 0.659983
0 0.429868 0.556129 0.0390498 0.00985361 0.658274
0 0.782803 0.739833 0.032168 0.0209894 0.65757
0 0.130289 0.653331 0.0412836 0.0175015 0.657372
0 0.13939 0.828526 0.0304016 0.03418 0.655897
0 0.925891 0.868665 0.0379613 0.0338692 0.653862
0 0.292498 0.593822 0.038684 0.0198002 0.652893
0 0.455968 0.592531 0.023769 0.0184729 0.652517
0 0.838162 0.721894 0.0635451 0.0289156 0.648192
0 0.827614 0.810888 0.0263431 0.0191079 0.646973
0 0.167866 0.556377 0.0243954 0.0222866 0.646593
0 0.96171 0.549364 0.0422096 0.0177399 0.639394
0 0.206352 0.796661 0.0252117 0.0117518 0.639207
0 0.106247 0.840995 0.0333113 0.0245313 0.635083
0 0.333379 0.723745 0.0221077 0.0140468 0.629036
0 0.865239 0.518657 0.0393117 0.0120926 0.620198
0 0.155321 0.669527 0.0335596 0.0217873 0.620055
0 0.71063 0.793614 0.0953838 0.0552993 0.610473
0 0.710514 0.734927 0.0200946 0.0121468 0.608459
0 0.0934005 0.752411 0.0347493 0.0276668 0.607405
0 0.425542 0.484003 0.0288474 0.0155483 0.603468
0 0.734555 0.921408 0.0440107 0.0163143 0.602943
0 0.255468 0.626556 0.0509525 0.0270773 0.602076
0 0.137893 0.618869 0.0190073 0.0178745 0.599051
0 0.805373 0.522942 0.0410914 0.0253737 0.594699
0 0.117054 0.904551 0.0314465 0.0136196 0.591089
0 0.901774 0.507209 0.0238075 0.0168168 0.590068
0 0.940997 0.655463 0.0244871 0.022447 0.586988
0 0.412025 0.886001 0.109475 0.0417908 0.58591
0 0.101838 0.918955 0.0289798 0.0148766 0.585717
0 0.120668 0.527869 0.0417096 0.0279356 0.5851
0 0.916081 0.481484 0.0212583 0.00732892 0.579452
0 0.202361 0.560315 0.0303525 0.0129692 0.57824
0 0.8513 0.756557 0.0417656 0.0212868 0.573527
0 0.31496 0.619275 0.0218052 0.0190699 0.571662
0 0.690914 0.582042 0.0429477 0.0327955 0.571605
0 0.748465 0.867478 0.0632947 0.0323106 0.570905
0 0.74106 0.961024 0.027858 0.0110546 0.569466
0 0.251062 0.763572 0.0366576 0.0200362 0.568972
0 0.654975 0.605415 0.0296413 0.0194145 0.56824
0 0.435664 0.698577 0.0500187 0.0240514 0.567202
0 0.412831 0.919506 0.0293843 0.0188935 0.564791
0 0.683293 0.608257 0.0569523 0.0198433 0.564632
0 0.101396 0.610728 0.020872 0.0108015 0.563387
0 0.881568 0.587256 0.0240762 0.0159939 0.560998
0 0.634983 0.617306 0.0189567 0.00962063 0.560586
0 0.342348 0.769642 0.0261647 0.0163699 0.560339
0 0.31414 0.485765 0.0298949 0.01509 0.560054
0 0.815108 0.852031 0.060762 0.067477 0.558205
0 0.399914 0.691842 0.0211614 0.0130109 0.556925
0 0.960857 0.672086 0.0569945 0.02754 0.550496
0 0.519536 0.969222 0.0402472 0.026066 0.547744
0 0.599546 0.470438 0.0192562 0.0107653 0.547096
0 0.408536 0.540394 0.017848 0.0167994 0.543818
0 0.884578 0.79973 0.0228901 0.0238127 0.542895
0 0.94682 0.798798 0.0749539 0.0454633 0.542331
0 0.964427 0.765839 0.0372433 0.0228491 0.542152
0 0.527187 0.435134 0.0283605 0.0226325 0.539742
0 0.699103 0.620827 0.0257773 0.0124832 0.536892
0 0.825929 0.686318 0.0383066 0.0142353 0.535704
0 0.881833 0.74112 0.0234044 0.00741903 0.53356
0 0.579195 0.628211 0.0203486 0.0115939 0.532184
0 0.96024 0.838812 0.0767148 0.0456699 0.529987
0 0.606748 0.611791 0.0218608 0.0146059 0.524322
0 0.156238 0.632139 0.0325285 0.014119 0.524045
0 0.422758 0.952908 0.0486549 0.0322625 0.521782
0 0.727816 0.441834 0.0223785 0.011763 0.520401
0 0.477719 0.703127 0.0443879 0.016472 0.515908
0 0.720167 0.620081 0.0271754 0.0220513 0.511129
0 0.434855 0.793096 0.0445773 0.0271788 0.510177
0 0.295613 0.726979 0.0223258 0.0108282 0.504957
0 0.884105 0.781312 0.0195472 0.0100775 0.502842
0 0.825731 0.581607 0.0193621 0.020818 0.500877
0 0.669787 0.470612 0.0291373 0.00852774 0.500122
0 0.87059 0.466957 0.0252501 0.0166449 0.492776
0 0.206233 0.534937 0.0531393 0.0332088 0.489434
0 0.189673 0.499638 0.0199132 0.0171198 0.489406
0 0.239041 0.695981 0.0338676 0.0222471 0.487037
0 0.430139 0.579652 0.0349699 0.0116821 0.476093
0 0.445525 0.92584 0.0235536 0.014822 0.471874
0 0.187003 0.675696 0.0318721 0.0268173 0.471234
0 0.960821 0.592925 0.0246539 0.0194935 0.469013
0 0.781023 0.650875 0.0792927 0.0624192 0.465815
0 0.292712 0.515049 0.0355467 0.00972765 0.46529
0 0.572788 0.548542 0.0315781 0.0128246 0.464627
0 0.602511 0.839852 0.0217516 0.0108359 0.463602
0 0.336144 0.836829 0.0179359 0.0135077 0.461122
0 0.24092 0.648067 0.0806857 0.0698948 0.459187
0 0.052217 0.764737 0.0342295 0.0166879 0.452547
0 0.839455 0.540533 0.0180509 0.0115646 0.452306
0 0.943924 0.353879 0.0168083 0.0145398 0.451332
0 0.976499 0.502866 0.0423937 0.0225612 0.451165
0 0.781034 0.636046 0.0725471 0.0349293 0.449073
0 0.83249 0.772544 0.0504929 0.0176241 0.446914
0 0.287181 0.447103 0.0185732 0.0150687 0.440141
0 0.384354 0.978792 0.0404056 0.0208967 0.437526
0 0.479174 0.825459 0.0239219 0.0179653 0.435052
0 0.654481 0.964839 0.0392429 0.0202346 0.433963
0 0.0576438 0.580147 0.0369228 0.0168804 0.432554
0 0.509736 0.611826 0.0243566 0.0120005 0.432298
0 0.225291 0.572053 0.0196231 0.0187941 0.432152
0 0.81497 0.959507 0.022999 0.0120472 0.429115
0 0.841842 0.629432 0.0182843 0.0164773 0.42875
0 0.0907796 0.72565 0.0242885 0.0152771 0.425899
0 0.699625 0.493287 0.0248322 0.00838279 0.423119
0 0.810762 0.497018 0.0166769 0.00943088 0.422911
0 0.605499 0.671897 0.0199945 0.0125969 0.421928
0 0.520874 0.973126 0.0442952 0.034299 0.420949
0 0.138096 0.944208 0.0788954 0.0528473 0.420875
0 0.375984 0.522557 0.0300662 0.0148138 0.420415
0 0.118681 0.667867 0.0173461 0.00934353 0.419159
0 0.0553364 0.755495 0.0405595 0.0358078 0.417986
0 0.985471 0.533274 0.0290585 0.024102 0.415834
0 0.805221 0.52712 0.0437974 0.0314934 0.415804
0 0.662334 0.968605 0.0242676 0.0145088 0.415335
0 0.512336 0.509499 0.0393508 0.0220476 0.413664
0 0.453202 0.777775 0.0288032 0.0113716 0.412574
0 0.212704 0.494695 0.0232472 0.0177166 0.411738
0 0.212557 0.720945 0.0559065 0.0219442 0.410793
0 0.869178 0.841276 0.0471712 0.028233 0.407532
0 0.396103 0.435285 0.028816 0.0173609 0.403767
0 0.604028 0.594044 0.0256074 0.00772854 0.402687
0 0.851056 0.792159 0.0374304 0.0202748 0.399415
0 0.735586 0.660572 0.0232225 0.0146302 0.39922
0 0.808313 0.917791 0.0303216 0.0182206 0.396834
0 0.288244 0.635373 0.0207378 0.0112673 0.395644
0 0.0147962 0.603131 0.0265391 0.0214117 0.390488
0 0.418577 0.568329 0.0223087 0.00903347 0.389625
0 0.0537606 0.919627 0.0228001 0.00925845 0.389274
0 0.767062 0.863342 0.0315857 0.0125316 0.386186
0 0.297885 0.955712 0.023897 0.0115862 0.382489
0 0.191908 0.586049 0.0213125 0.0107552 0.382272
0 0.890573 0.703806 0.0479041 0.0246119 0.378288
0 0.907106 0.728798 0.0183526 0.0174175 0.3772
0 0.680493 0.568415 0.033314 0.0172985 0.373912
0 0.419751 0.776017 0.0248262 0.0131759 0.368337
0 0.022205 0.546539 0.0214574 0.0131682 0.365645
0 0.90933 0.352306 0.0315508 0.0154624 0.361124
0 0.851595 0.604884 0.0183984 0.0181689 0.354104
0 0.792648 0.760564 0.0176091 0.0111111 0.353188
0 0.499943 0.506916 0.0640063 0.0287138 0.352115
0 0.0953564 0.54203 0.0256168 0.011849 0.352092
0 0.365093 0.798663 0.018306 0.0209608 0.351959
0 0.31586 0.488059 0.0300504 0.0192508 0.351923
0 0.365231 0.801739 0.0171476 0.0127844 0.351737
0 0.228805 0.402814 0.0347118 0.012935 0.351436
0 0.39016 0.831862 0.021521 0.0223049 0.351396
0 0.218879 0.588463 0.0174963 0.010649 0.351178
0 0.0192755 0.679026 0.0213634 0.0121683 0.349599
0 0.937329 0.502236 0.039112 0.0203251 0.34538
0 0.962562 0.397221 0.0281023 0.0186041 0.344776
0 0.795948 0.551295 0.0559751 0.0227671 0.343709
0 0.139459 0.615341 0.0204422 0.0220783 0.343135
0 0.695566 0.590365 0.0315093 0.0177117 0.342947
0 0.10335 0.774585 0.0325423 0.0168987 0.339439
0 0.496422 0.926541 0.0496849 0.0296748 0.338261
0 0.644182 0.428591 0.0215702 0.0137798 0.33631
0 0.9903 0.648646 0.0194005 0.0160719 0.334423
0 0.863929 0.486335 0.0183939 0.0102316 0.333975
0 0.747981 0.55452 0.0143992 0.0136986 0.330936
0 0.271411 0.731259 0.0135042 0.00740822 0.330489
0 0.788725 0.669411 0.0918223 0.0278768 0.329753
0 0.391829 0.77957 0.0336296 0.0163038 0.328461
0 0.518113 0.380178 0.024286 0.0129152 0.327863
0 0.298745 0.6084 0.030304 0.00982119 0.323308
0 0.0118159 0.799142 0.0236319 0.0228149 0.323138
0 0.956881 0.660768 0.0207655 0.0109497 0.321059
0 0.431808 0.681419 0.0186006 0.00952085 0.320647
0 0.258702 0.847622 0.0472064 0.0274247 0.320168
0 0.231275 0.718591 0.0216929 0.0127499 0.316337
0 0.28966 0.642565 0.0204398 0.0138594 0.313937
0 0.492609 0.924223 0.0616453 0.0336264 0.313802
0 0.108918 0.46376 0.0246472 0.0119273 0.3099
0 0.258601 0.948122 0.0567379 0.0548986 0.308769
0 0.362631 0.435408 0.028043 0.0098999 0.305984
0 0.839679 0.769311 0.0670123 0.0246484 0.304888
0 0.137842 0.933763 0.0764131 0.0321861 0.304735
0 0.0649146 0.748518 0.0243232 0.0216666 0.304383
0 0.97882 0.440382 0.0283063 0.0233833 0.302873
0 0.474997 0.72037 0.039117 0.0282838 0.301641
0 0.164952 0.479215 0.0160867 0.0105755 0.299904
0 0.0860769 0.637118 0.0156606 0.0100729 0.298631
0 0.104799 0.859884 0.0304104 0.0119894 0.298464
