0 0.710231 0.775188 0.0876115 0.0488434 0.878841
0 0.317091 0.92073 0.113838 0.0510635 0.877313
0 0.500129 0.948802 0.17639 0.0652558 0.875368
0 0.625952 0.762851 0.0639249 0.0383745 0.874094
0 0.113156 0.782217 0.0756402 0.0437956 0.873198
0 0.877756 0.541029 0.0471199 0.030764 0.872173
0 0.27358 0.636632 0.0466334 0.0293941 0.869942
0 0.735674 0.568445 0.0665351 0.0337019 0.859424
0 0.39441 0.886329 0.0710552 0.0377276 0.853654
0 0.409849 0.574491 0.101661 0.0409662 0.853202
0 0.423826 0.716248 0.0458816 0.0242241 0.847089
0 0.812476 0.688563 0.132171 0.0563068 0.843646
0 0.688507 0.673001 0.0805757 0.0452314 0.838275
0 0.152734 0.814152 0.0589996 0.0456712 0.836791
0 0.205115 0.530632 0.0408255 0.0285854 0.834678
0 0.15783 0.924245 0.0767912 0.0330661 0.834388
0 0.743055 0.814522 0.0706111 0.0360487 0.833676
0 0.78991 0.776256 0.0572356 0.0352614 0.833532
0 0.458605 0.875499 0.0712073 0.0294943 0.831856
0 0.668019 0.519884 0.0542159 0.0190326 0.822397
0 0.046614 0.609731 0.0289194 0.0235878 0.821305
0 0.765709 0.743789 0.0604153 0.0320004 0.820773
0 0.0888435 0.582202 0.0684924 0.0194887 0.819919
0 0.805568 0.566299 0.0723868 0.0246404 0.817817
0 0.693707 0.880705 0.0888261 0.0541196 0.81265
0 0.107619 0.94901 0.0341346 0.0200802 0.805803
0 0.904094 0.940326 0.102058 0.0424801 0.804345
0 0.625961 0.818374 0.0774555 0.0400248 0.801812
0 0.451383 0.676719 0.0791344 0.0298571 0.79981
0 0.699082 0.550335 0.0519081 0.0313459 0.797878
0 0.228401 0.602021 0.0412666 0.0263403 0.792212
0 0.100589 0.861641 0.0572671 0.0635754 0.792127
0 0.104042 0.561844 0.0407654 0.0209698 0.790972
0 0.112045 0.528237 0.0326831 0.0179874 0.790686
0 0.718926 0.932062 0.0555255 0.0483182 0.78978
0 0.858806 0.635067 0.0479995 0.0232441 0.789666
0 0.593162 0.658555 0.0688974 0.035806 0.788388
0 0.857135 0.881259 0.0338301 0.0136091 0.787346
0 0.713074 0.721834 0.119211 0.0538627 0.787073
0 0.377496 0.478759 0.0418668 0.0244276 0.785953
0 0.641981 0.710338 0.0343096 0.0210844 0.782941
0 0.788607 0.443131 0.0343745 0.0253837 0.782626
0 0.191172 0.655916 0.0429921 0.0273528 0.782314
0 0.314848 0.953622 0.0618616 0.0359833 0.780615
0 0.0325051 0.633456 0.0354842 0.0153637 0.780554
0 0.240521 0.661323 0.0518148 0.0227888 0.780076
0 0.363973 0.512741 0.0356635 0.016314 0.779112
0 0.326494 0.53641 0.0585727 0.0317192 0.778997
0 0.164781 0.743596 0.082439 0.0265988 0.778466
0 0.158728 0.588832 0.0570418 0.0241718 0.778082
0 0.425069 0.511369 0.0468643 0.014176 0.777284
0 0.230565 0.800943 0.0706232 0.0490701 0.777223
0 0.267269 0.542208 0.0460654 0.0286446 0.776891
0 0.891795 0.504733 0.0434588 0.0199558 0.775667
0 0.217331 0.638247 0.0567856 0.0167406 0.772978
0 0.125659 0.673559 0.0611183 0.0228533 0.769687
0 0.874168 0.479988 0.0272103 0.0205298 0.769459
0 0.433818 0.651824 0.0314406 0.0224926 0.767217
0 0.0795803 0.903337 0.10646 0.0286244 0.766755
0 0.344158 0.668351 0.0350241 0.0290211 0.764603
0 0.812457 0.535944 0.0422712 0.0235843 0.761298
0 0.372781 0.700336 0.0552044 0.0234125 0.760835
0 0.042225 0.558041 0.0419898 0.0220848 0.760709
0 0.573971 0.92171 0.179602 0.0891205 0.758762
0 0.934247 0.618442 0.0906443 0.0532516 0.754826
0 0.236927 0.915935 0.0746988 0.0429741 0.754415
0 0.599639 0.556396 0.03441 0.0151666 0.753421
0 0.48104 0.475798 0.0417557 0.0171192 0.750107
0 0.152289 0.857338 0.0407387 0.0249397 0.748241
0 0.35251 0.725147 0.0545505 0.020416 0.747854
0 0.192812 0.776608 0.0422459 0.0158072 0.74653
0 0.775078 0.911614 0.0636825 0.0485598 0.744526
0 0.215203 0.722217 0.0237573 0.0170506 0.743658
0 0.805298 0.811352 0.0851028 0.0551766 0.742819
0 0.516177 0.535205 0.056705 0.0293368 0.740421
0 0.871357 0.718477 0.0464433 0.02024 0.739427
0 0.158292 0.565978 0.0229331 0.0134739 0.736811
0 0.818014 0.883503 0.042202 0.0220108 0.735925
0 0.800674 0.603007 0.0350726 0.0140354 0.734847
0 0.327661 0.384198 0.0504013 0.0208371 0.733431
0 0.273327 0.494756 0.0665374 0.0380066 0.729278
0 0.134432 0.965487 0.0509833 0.0151281 0.729131
0 0.769881 0.593617 0.0285896 0.0136211 0.729047
0 0.328093 0.777519 0.0369778 0.0170518 0.727998
0 0.836395 0.846873 0.0365269 0.0311308 0.722569
0 0.543527 0.621287 0.0380814 0.0299945 0.722536
0 0.454589 0.425751 0.0426755 0.0154226 0.721394
0 0.877987 0.857211 0.0357621 0.0174462 0.719594
0 0.771758 0.875628 0.0502859 0.0247239 0.717958
0 0.0340931 0.926683 0.0424026 0.0211438 0.715154
0 0.545038 0.839138 0.0939823 0.0964298 0.715093
0 0.463996 0.627348 0.0284527 0.0167064 0.711387
0 0.0471562 0.70651 0.0530161 0.0201019 0.707248
0 0.869603 0.667649 0.0275698 0.0136706 0.706089
0 0.424789 0.621273 0.0506311 0.0308648 0.705179
0 0.0218362 0.76987 0.0383606 0.0228981 0.704685
0 0.164627 0.495368 0.137002 0.0355355 0.700703
0 0.516447 0.681191 0.0710765 0.0720041 0.693309
0 0.775523 0.50258 0.0291639 0.0131978 0.692431
0 0.142744 0.629388 0.035977 0.0127181 0.692191
0 0.0508566 0.732214 0.0497862 0.0186859 0.686503
0 0.765311 0.542588 0.0427014 0.0211507 0.685779
0 0.347762 0.567567 0.0228458 0.0154926 0.679936
0 0.0835331 0.63792 0.054061 0.0268207 0.677676
0 0.369543 0.634181 0.0537073 0.0188734 0.677192
0 0.844978 0.59515 0.0269445 0.0174363 0.676544
0 0.501415 0.441175 0.0276107 0.0130022 0.676149
0 0.265793 0.95698 0.0385034 0.0341131 0.67571
0 0.688371 0.834695 0.0578263 0.0367043 0.674621
0 0.189323 0.440829 0.0385783 0.00968018 0.674302
0 0.100208 0.739015 0.0452433 0.0271596 0.674294
0 0.0241788 0.584843 0.0430523 0.028121 0.666132
0 0.126297 0.612808 0.0656601 0.0194325 0.6605
0 0.639633 0.734933 0.0283353 0.017016 0.660263
0 0.449171 0.902537 0.0288654 0.0248664 0.65807
0 0.534805 0.557207 0.0225492 0.0105044 0.657498
0 0.308197 0.483374 0.0275159 0.0141762 0.649531
0 0.0931771 0.482824 0.0737833 0.0229898 0.643771
0 0.279381 0.782877 0.0549235 0.0303583 0.638254
0 0.82633 0.481354 0.0354523 0.0225302 0.634594
0 0.621331 0.856279 0.0677488 0.0395057 0.633232
0 0.122189 0.695626 0.0367946 0.0138357 0.629696
0 0.905824 0.581152 0.0930493 0.0516214 0.623716
0 0.970099 0.710005 0.0450885 0.031641 0.62353
0 0.271009 0.761083 0.077276 0.0297289 0.622235
0 0.638237 0.622276 0.0440429 0.0162985 0.620858
0 0.256932 0.564633 0.0369594 0.0139214 0.618988
0 0.757667 0.609298 0.0426064 0.0088534 0.618465
0 0.321757 0.594997 0.0175225 0.0201186 0.616735
0 0.193822 0.695886 0.0302123 0.023317 0.615786
0 0.592121 0.684397 0.040484 0.0141218 0.6147
0 0.274867 0.831238 0.208838 0.100338 0.612378
0 0.505172 0.570353 0.028663 0.0173862 0.611384
0 0.152001 0.539881 0.0397025 0.0189949 0.609228
0 0.323812 0.758589 0.0287589 0.0143013 0.608933
0 0.614791 0.441884 0.0603041 0.0143671 0.604748
0 0.444491 0.379004 0.0314234 0.0120072 0.601485
0 0.329103 0.453509 0.0232805 0.0192912 0.592107
0 0.878183 0.413856 0.0303864 0.011144 0.591819
0 0.513761 0.512819 0.0224475 0.0147318 0.590551
0 0.310447 0.565974 0.0304119 0.0141815 0.589967
0 0.738843 0.846623 0.0279785 0.0192827 0.587447
0 0.259229 0.761453 0.0537168 0.0288661 0.587134
0 0.930333 0.861106 0.101573 0.0628131 0.584854
0 0.0605148 0.765531 0.0307688 0.0187177 0.581439
0 0.333039 0.858469 0.0692395 0.0269165 0.578739
0 0.564119 0.480526 0.0253573 0.0155058 0.576476
0 0.788576 0.634668 0.0882458 0.0314245 0.573775
0 0.801312 0.851789 0.0347027 0.0139946 0.569028
0 0.125232 0.716655 0.0430047 0.0165209 0.567553
0 0.159542 0.706661 0.0392868 0.0183813 0.562186
0 0.283134 0.599157 0.0318053 0.0132904 0.562005
0 0.82327 0.613981 0.0421517 0.0175989 0.55443
0 0.657737 0.799377 0.0479384 0.0288688 0.553007
0 0.804632 0.976724 0.0298493 0.0167706 0.552542
0 0.356964 0.740831 0.032002 0.0180824 0.552518
0 0.660078 0.562759 0.0260697 0.0107424 0.551209
0 0.8855 0.967345 0.0541912 0.0249448 0.54884
0 0.27158 0.390391 0.0282348 0.0134932 0.547533
0 0.491458 0.782992 0.0422874 0.0123855 0.539251
0 0.701261 0.643248 0.0468719 0.0225864 0.538916
0 0.289086 0.882755 0.0574033 0.0155103 0.536422
0 0.409398 0.779832 0.0728784 0.0197238 0.536158
0 0.0680906 0.760356 0.0476978 0.0299959 0.533487
0 0.969599 0.797066 0.0412573 0.0212151 0.531826
0 0.410137 0.755587 0.0492411 0.0267233 0.527266
0 0.0223327 0.79472 0.0300247 0.0179995 0.525859
0 0.0801694 0.712722 0.0237365 0.0181915 0.525437
0 0.380109 0.442025 0.0267674 0.0171969 0.525352
0 0.480193 0.753916 0.141953 0.0635712 0.524837
0 0.400289 0.847949 0.05849 0.0328221 0.524582
0 0.46258 0.525309 0.0214116 0.0131566 0.523372
0 0.835208 0.545825 0.0266483 0.0167042 0.522788
0 0.559829 0.587566 0.0307541 0.00994227 0.519847
0 0.505942 0.609602 0.0341392 0.014364 0.516612
0 0.465596 0.826629 0.0841595 0.0508261 0.516183
0 0.604099 0.615463 0.0216698 0.00992739 0.515784
0 0.442554 0.737452 0.0541928 0.0144214 0.513269
0 0.897004 0.643619 0.0306756 0.0101298 0.510341
0 0.462485 0.70123 0.0316088 0.012786 0.51031
0 0.793001 0.517387 0.0224979 0.012436 0.503575
0 0.909427 0.487628 0.0221579 0.0114441 0.503025
0 0.460204 0.771598 0.0294376 0.0163408 0.492859
0 0.572697 0.505618 0.0192402 0.0113209 0.492288
0 0.377648 0.678614 0.0165388 0.0122206 0.491927
0 0.287603 0.69817 0.0221023 0.0142755 0.490644
0 0.881255 0.8395 0.0299114 0.0151264 0.490378
0 0.506154 0.753662 0.0893127 0.0629872 0.487442
0 0.0734998 0.961564 0.0284012 0.0200382 0.485658
0 0.922829 0.683867 0.0604043 0.0413213 0.484219
0 0.0643153 0.528434 0.0597669 0.0407663 0.484211
0 0.302784 0.730995 0.0472089 0.024592 0.48152
0 0.746121 0.472787 0.0347227 0.0103745 0.477943
0 0.823034 0.905393 0.0420861 0.0193642 0.476574
0 0.985436 0.53213 0.0264246 0.0119467 0.475687
0 0.376259 0.668559 0.0186071 0.00918597 0.475609
0 0.416207 0.813447 0.0453546 0.0353834 0.473611
0 0.840202 0.933331 0.0637613 0.0357441 0.469456
0 0.138187 0.648258 0.0296145 0.0110903 0.461978
0 0.946412 0.443225 0.0321066 0.0104219 0.459488
0 0.881862 0.520137 0.0261031 0.00797653 0.454262
0 0.98182 0.444549 0.0338474 0.0144468 0.452978
0 0.183501 0.876916 0.0746376 0.0241837 0.452897
0 0.334827 0.64746 0.0157483 0.0155039 0.445529
0 0.168951 0.95608 0.0219993 0.0144745 0.443731
0 0.862768 0.825907 0.0373797 0.0162544 0.439383
0 0.376127 0.832922 0.020005 0.0115826 0.438351
0 0.383917 0.953438 0.0774052 0.0550891 0.433591
0 0.960499 0.775862 0.0223477 0.0123985 0.430245
0 0.569361 0.705304 0.0655794 0.0370976 0.422686
0 0.400428 0.67083 0.0190355 0.00709437 0.420738
0 0.245085 0.691038 0.0512716 0.0226875 0.414023
0 0.578449 0.381324 0.0275092 0.00867063 0.409097
0 0.922659 0.806588 0.0604089 0.0295088 0.40749
0 0.0726219 0.753186 0.041307 0.0143546 0.406731
0 0.401115 0.936153 0.0449944 0.0208242 0.403695
0 0.816617 0.317339 0.0216498 0.0216654 0.4023
0 0.209819 0.622785 0.0203145 0.0136537 0.399984
0 0.396426 0.86652 0.0241509 0.0149904 0.397643
0 0.175733 0.880115 0.0909434 0.0291023 0.397281
0 0.0527411 0.797057 0.0316842 0.0270572 0.391713
0 0.0380377 0.961829 0.0221222 0.0115234 0.386464
0 0.453356 0.736819 0.0386843 0.0135311 0.38503
0 0.973487 0.581724 0.0507737 0.0211821 0.383989
0 0.689516 0.631368 0.0338056 0.0236528 0.381842
0 0.602857 0.413329 0.0202248 0.0103871 0.380884
0 0.779971 0.654055 0.0262849 0.0116415 0.380322
0 0.572801 0.61008 0.0223506 0.0133465 0.380227
0 0.257844 0.520772 0.0184653 0.00852679 0.380124
0 0.218269 0.457403 0.0361032 0.0123903 0.379091
0 0.213668 0.755498 0.0156067 0.00875321 0.377424
0 0.717987 0.712118 0.107654 0.0343855 0.375856
0 0.183554 0.613281 0.0303522 0.021384 0.373181
0 0.762701 0.610225 0.0531388 0.0101307 0.371982
0 0.418651 0.955578 0.0289706 0.020431 0.369894
0 0.0190982 0.740002 0.0381963 0.021768 0.369763
0 0.698661 0.63262 0.0529067 0.0385767 0.368674
0 0.121626 0.544586 0.0163506 0.00795297 0.366979
0 0.255922 0.733671 0.0486023 0.0269704 0.365874
0 0.433285 0.412186 0.015912 0.0118975 0.362141
0 0.552132 0.652044 0.0196869 0.00969889 0.36201
0 0.6953 0.460845 0.018622 0.00693427 0.358125
0 0.835321 0.286221 0.0166964 0.0145831 0.356466
0 0.414771 0.855483 0.0299598 0.0182429 0.355898
0 0.861337 0.747792 0.0658918 0.0449512 0.35563
0 0.974359 0.584932 0.0460033 0.0142037 0.354508
0 0.128254 0.4379 0.0180968 0.0197849 0.351617
0 0.408199 0.774896 0.0719954 0.0303264 0.350085
0 0.986066 0.51207 0.0250862 0.0194407 0.349387
0 0.209028 0.492612 0.049403 0.029932 0.348985
0 0.950388 0.757318 0.0556134 0.0197575 0.346738
0 0.0614344 0.881709 0.0326067 0.012188 0.342732
0 0.47883 0.811974 0.0533846 0.0205273 0.341665
0 0.394486 0.426596 0.0260153 0.010642 0.340212
0 0.062837 0.807121 0.050324 0.0329593 0.338793
0 0.874207 0.909014 0.0173471 0.00871275 0.338627
0 0.398915 0.648755 0.0223044 0.0125035 0.338441
0 0.833829 0.502173 0.0156086 0.0100191 0.336973
0 0.156362 0.429154 0.0439863 0.012329 0.334959
0 0.208527 0.468895 0.0165226 0.00926242 0.333925
0 0.448611 0.484051 0.0149689 0.00848104 0.333342
0 0.0522835 0.517864 0.0347494 0.0174621 0.330759
0 0.345183 0.620035 0.101952 0.0400309 0.327229
0 0.707232 0.339446 0.0300305 0.0112002 0.327179
0 0.0802641 0.534948 0.0282321 0.025014 0.326588
0 0.330607 0.608407 0.055516 0.0154639 0.325839
0 0.738406 0.455101 0.0222437 0.0235929 0.324976
0 0.577207 0.626188 0.0186638 0.015439 0.324327
0 0.572051 0.758725 0.0181247 0.012804 0.323466
0 0.0942501 0.923965 0.0462053 0.0128983 0.32015
0 0.338658 0.58853 0.0183146 0.0200533 0.319789
0 0.265818 0.674996 0.0805352 0.0464035 0.319418
0 0.337637 0.585847 0.0129517 0.0149666 0.319258
0 0.929241 0.43191 0.019307 0.0109222 0.315735
0 0.788225 0.948607 0.0465565 0.0393753 0.315489
0 0.0441513 0.872002 0.0680484 0.0335362 0.309152
0 0.349789 0.415039 0.0166243 0.00796396 0.308139
0 0.72932 0.303531 0.028199 0.0144726 0.30482
0 0.574763 0.703063 0.076052 0.0494829 0.302933
0 0.013419 0.611325 0.0268381 0.0176239 0.301012
0 0.277552 0.732356 0.0920278 0.0309791 0.299591
0 0.790178 0.722338 0.0305138 0.00936401 0.297267
0 0.631216 0.969556 0.0368602 0.0156177 0.297175
0 0.154394 0.617325 0.0272454 0.0122261 0.293442
0 0.665269 0.806292 0.0619469 0.0396286 0.292622
0 0.70307 0.618589 0.0481186 0.0133992 0.287708
0 0.576097 0.520301 0.016423 0.00599881 0.286854
0 0.818867 0.729381 0.0389775 0.0136694 0.285514
0 0.733196 0.633478 0.0212146 0.00783235 0.285023
0 0.635791 0.638654 0.0272717 0.011274 0.284654
0 0.942212 0.954765 0.0229881 0.0125241 0.282009
0 0.464201 0.837882 0.0869297 0.0292782 0.281967
0 0.629335 0.971561 0.0421706 0.0205307 0.281115
0 0.782496 0.615137 0.0206048 0.0124617 0.281043
0 0.646982 0.902341 0.079063 0.04296 0.277774
0 0.820625 0.453524 0.0211987 0.0130504 0.27397
0 0.519701 0.900657 0.0734689 0.0500454 0.273225
0 0.261163 0.730514 0.0602053 0.0343826 0.270858
0 0.932807 0.704266 0.0820993 0.0828026 0.269225
0 0.20273 0.950514 0.0415628 0.0220077 0.266028
