0 0.591487 0.86125 0.0388767 0.0257049 0.873334
0 0.382689 0.846418 0.078718 0.0399311 0.872264
0 0.850202 0.842887 0.109487 0.0256634 0.858292
0 0.197467 0.794616 0.0487547 0.0294284 0.853736
0 0.614739 0.822158 0.04147 0.0189144 0.850252
0 0.957305 0.820013 0.0460013 0.0185398 0.801322
0 0.588953 0.756333 0.0551721 0.0349301 0.797362
0 0.0308086 0.833717 0.0608668 0.0288956 0.787224
0 0.511492 0.728237 0.0240281 0.0222404 0.748416
0 0.933524 0.784012 0.0254673 0.0179329 0.742071
0 0.287988 0.62065 0.0275406 0.0143768 0.687295
0 0.701241 0.889468 0.0757197 0.0232614 0.676327
0 0.7252 0.870377 0.0592255 0.0258218 0.672458
0 0.926479 0.738001 0.0352348 0.0119026 0.599473
0 0.0408609 0.539647 0.0248864 0.0146189 0.597147
0 0.816999 0.791796 0.0228006 0.0128866 0.595586
0 0.631041 0.841006 0.0260961 0.010722 0.552195
0 0.576452 0.77 0.032441 0.0114155 0.551105
0 0.0776662 0.731283 0.0204269 0.00843009 0.528828
0 0.516706 0.636075 0.0205376 0.00778809 0.498507
0 0.650785 0.615225 0.0213736 0.00769102 0.479176
0 0.776976 0.87169 0.0346574 0.0272144 0.458851
0 0.760745 0.834558 0.0237093 0.013392 0.455756
0 0.617672 0.606033 0.0197237 0.0081354 0.433133
0 0.990553 0.84025 0.0171883 0.0216639 0.432824
0 0.346151 0.652398 0.0235594 0.00982992 0.432558
0 0.541167 0.651996 0.0308143 0.00984782 0.362492
0 0.709976 0.706973 0.0163118 0.00702894 0.347502
0 0.321246 0.6917 0.0132702 0.00739746 0.306456
0 0.742791 0.689268 0.0166038 0.00682852 0.303524
0 0.269527 0.691763 0.0144371 0.00875167 0.296933
0 0.028864 0.692296 0.0151879 0.00926609 0.282781
