0 0.50291 0.770283 0.192092 0.0882301 0.934426
0 0.399649 0.792696 0.10387 0.0818986 0.912976
0 0.735491 0.777649 0.0561475 0.0435286 0.903542
0 0.483849 0.847692 0.150993 0.0798603 0.902695
0 0.250489 0.770709 0.114755 0.0596295 0.902188
0 0.154334 0.738171 0.0629263 0.0358931 0.89399
0 0.26448 0.825678 0.118169 0.0722381 0.890953
0 0.757094 0.857484 0.101348 0.0544718 0.870055
0 0.689646 0.646568 0.0753874 0.0342767 0.859723
0 0.671943 0.81822 0.0850249 0.0574035 0.859233
0 0.849974 0.740959 0.0752761 0.0429079 0.857489
0 0.481426 0.668124 0.0476404 0.0187854 0.854137
0 0.639502 0.774214 0.0518115 0.0191543 0.849629
0 0.0588841 0.883805 0.114243 0.0383351 0.848955
0 0.134007 0.634672 0.109642 0.0285768 0.844997
0 0.341254 0.636471 0.080703 0.0274051 0.840523
0 0.69581 0.710359 0.0711937 0.0296927 0.839314
0 0.846465 0.82324 0.113568 0.0472656 0.839157
0 0.961515 0.780251 0.0769701 0.034209 0.838717
0 0.026679 0.734538 0.0421257 0.0352173 0.833871
0 0.317076 0.729927 0.031262 0.0158616 0.812216
0 0.815699 0.761227 0.0557254 0.0349831 0.811751
0 0.199006 0.728919 0.0301994 0.0174475 0.806252
0 0.726419 0.681196 0.0420781 0.015036 0.80525
0 0.60115 0.872313 0.0751599 0.032127 0.80109
0 0.640394 0.604703 0.0476014 0.0242752 0.787802
0 0.670354 0.876496 0.0628096 0.0375057 0.782475
0 0.207551 0.859307 0.0477677 0.0176216 0.778059
0 0.43415 0.625277 0.0623545 0.0193764 0.763187
0 0.650654 0.731516 0.0451584 0.0265785 0.762958
0 0.560213 0.714338 0.0383554 0.0127143 0.76016
0 0.684677 0.770008 0.030864 0.013706 0.759677
0 0.532561 0.896612 0.0479721 0.0290318 0.753427
0 0.622176 0.742333 0.0612462 0.0392494 0.751738
0 0.745265 0.823438 0.0701072 0.0320671 0.729536
0 0.0247417 0.651457 0.046654 0.0239034 0.72689
0 0.0703107 0.661703 0.0231799 0.0160115 0.722172
0 0.930756 0.84129 0.0769433 0.0475021 0.712821
0 0.716708 0.519031 0.0355758 0.0147175 0.708548
0 0.454728 0.493554 0.0422845 0.0233493 0.69437
0 0.355454 0.909739 0.327676 0.0955872 0.661228
0 0.611886 0.652619 0.0204573 0.0150679 0.659323
0 0.983935 0.519325 0.0298186 0.0249487 0.641096
0 0.815622 0.486617 0.0401914 0.0115337 0.640694
0 0.0895987 0.569009 0.0261475 0.0144533 0.627899
0 0.174354 0.654784 0.0241749 0.0119068 0.623803
0 0.0803798 0.805174 0.148871 0.097369 0.607599
0 0.946618 0.720431 0.0308206 0.017471 0.588028
0 0.641604 0.514108 0.0285726 0.00970595 0.567958
0 0.229813 0.73032 0.0168779 0.0136107 0.556676
0 0.909298 0.809679 0.039103 0.022267 0.480907
0 0.830236 0.865842 0.0345578 0.0413864 0.449894
0 0.420111 0.57039 0.0183333 0.00786906 0.447171
0 0.306197 0.539421 0.0207548 0.00831005 0.434172
0 0.486485 0.730522 0.018136 0.0128464 0.430206
0 0.933972 0.573801 0.0259943 0.0115677 0.420182
0 0.20094 0.528215 0.0317343 0.00885408 0.417048
0 0.588245 0.566425 0.022248 0.00852015 0.393331
0 0.643164 0.907402 0.184672 0.0415497 0.367727
0 0.653119 0.847863 0.0356209 0.0129047 0.336481
0 0.752299 0.444604 0.0188712 0.00930443 0.292992
0 0.488333 0.598588 0.0154332 0.0121187 0.274456
0 0.947359 0.719767 0.0362919 0.0220215 0.25337
