0 0.450625 0.823102 0.0736251 0.0348156 0.880403
0 0.528455 0.775205 0.0648609 0.0240814 0.826345
0 0.748801 0.802252 0.0381432 0.0168653 0.818979
0 0.703306 0.682965 0.0465044 0.0160177 0.774442
0 0.0857147 0.818781 0.0332856 0.0104176 0.771569
0 0.185985 0.775009 0.0483623 0.0266667 0.762869
0 0.399652 0.855167 0.0278083 0.0119911 0.762299
0 0.524376 0.852217 0.0741382 0.019006 0.760104
0 0.112931 0.793993 0.0446926 0.0129697 0.757968
0 0.328171 0.838424 0.0373328 0.0227343 0.755605
0 0.698141 0.843346 0.0281974 0.0091022 0.729258
0 0.142428 0.568835 0.0370016 0.0141207 0.720439
0 0.656418 0.79235 0.0248821 0.013146 0.691979
0 0.742415 0.837747 0.0250012 0.010255 0.674595
0 0.292756 0.817596 0.0228661 0.0111538 0.671563
0 0.3657 0.841037 0.0200644 0.010329 0.665143
0 0.267091 0.856551 0.0331967 0.0177818 0.649545
0 0.148455 0.777073 0.0174876 0.0107929 0.595473
0 0.980182 0.788622 0.0199099 0.0144749 0.540263
0 0.782671 0.712898 0.0231804 0.0115116 0.521521
0 0.672913 0.858518 0.0231671 0.0108505 0.520705
0 0.40461 0.754346 0.0183049 0.0126977 0.502044
0 0.236828 0.709691 0.0214792 0.0100029 0.493548
0 0.821331 0.687321 0.0189334 0.00780382 0.484628
0 0.195705 0.619498 0.0240276 0.0106224 0.459363
0 0.140942 0.803556 0.0150892 0.0100898 0.449885
0 0.843184 0.834377 0.0232622 0.0109452 0.44659
0 0.751397 0.853408 0.0176973 0.00955847 0.440802
0 0.920769 0.84 0.0226994 0.00861003 0.436684
0 0.927424 0.759345 0.0174002 0.00947229 0.422312
0 0.330177 0.641528 0.0203449 0.00804272 0.414347
0 0.686909 0.645172 0.0183387 0.00883256 0.414084
0 0.26309 0.759326 0.023329 0.0104283 0.411109
0 0.641968 0.776466 0.0345371 0.0104772 0.405093
0 0.32256 0.755044 0.0169997 0.00933205 0.385206
0 0.30361 0.855205 0.0311119 0.0127146 0.361794
0 0.833628 0.781507 0.0182472 0.00817898 0.310669
0 0.0819224 0.744162 0.0255181 0.00821077 0.310513
0 0.248408 0.814578 0.012276 0.0134226 0.304498
0 0.187871 0.779803 0.048886 0.0179863 0.274769
0 0.173506 0.854922 0.0412406 0.0134163 0.270896
0 0.071757 0.517144 0.0203984 0.00707434 0.264506
