0 0.640301 0.794716 0.173449 0.0418848 0.909018
0 0.756099 0.836912 0.115754 0.0563889 0.904472
0 0.781935 0.745327 0.0842633 0.0330538 0.887925
0 0.912986 0.680065 0.127241 0.0286968 0.876379
0 0.0518801 0.658937 0.0597975 0.0221842 0.867285
0 0.458023 0.607412 0.0665388 0.0250301 0.867123
0 0.568458 0.720518 0.0971542 0.031444 0.865306
0 0.656442 0.664077 0.111944 0.0236678 0.863142
0 0.770688 0.783585 0.0371891 0.0201324 0.854748
0 0.792747 0.644694 0.0399629 0.0190804 0.850802
0 0.379311 0.679587 0.0462786 0.0204128 0.848618
0 0.960332 0.651887 0.0389857 0.0268815 0.845348
0 0.138127 0.727881 0.0368146 0.0172983 0.844223
0 0.194374 0.856231 0.0522607 0.0287628 0.831662
0 0.469478 0.812117 0.111508 0.0488697 0.822016
0 0.249997 0.747466 0.0511041 0.0230669 0.819719
0 0.900646 0.763683 0.0468825 0.0236837 0.818411
0 0.331938 0.807003 0.0835175 0.0309686 0.807776
0 0.726375 0.770925 0.0299934 0.0196203 0.805614
0 0.0858015 0.812155 0.0557708 0.0226162 0.804942
0 0.146972 0.779863 0.0488342 0.0174465 0.804832
0 0.842732 0.754498 0.0465529 0.0387678 0.801779
0 0.730874 0.702506 0.0461921 0.0196546 0.798351
0 0.191053 0.775836 0.0296951 0.0173634 0.797714
0 0.078187 0.740449 0.049524 0.0273531 0.79646
0 0.641627 0.697771 0.0558855 0.025865 0.793077
0 0.215937 0.715857 0.0534011 0.0192898 0.792191
0 0.953875 0.756233 0.0332036 0.0173376 0.787047
0 0.852556 0.786445 0.0609191 0.0392196 0.776279
0 0.231021 0.830569 0.0273204 0.013139 0.769974
0 0.565779 0.752257 0.0285154 0.0150227 0.762978
0 0.133817 0.670694 0.035585 0.0195081 0.761846
0 0.493691 0.890639 0.0832792 0.05294 0.759915
0 0.169901 0.637637 0.0404547 0.019116 0.759058
0 0.302366 0.759633 0.0383902 0.0364679 0.758223
0 0.523623 0.845449 0.0571594 0.0195046 0.754741
0 0.0447484 0.833567 0.0263623 0.0167755 0.744238
0 0.785776 0.710214 0.0280153 0.0150656 0.731636
0 0.032441 0.798136 0.0304181 0.014865 0.721034
0 0.762767 0.602299 0.0328597 0.0126985 0.708189
0 0.968085 0.611914 0.0517634 0.0171982 0.704324
0 0.750942 0.66077 0.0243702 0.0146053 0.681498
0 0.390579 0.565642 0.0506307 0.0168321 0.673899
0 0.748504 0.68282 0.0251613 0.0120205 0.659925
0 0.87751 0.645868 0.0240415 0.0191946 0.653368
0 0.236645 0.850544 0.0210742 0.015989 0.641664
0 0.261382 0.823819 0.0272713 0.0252648 0.618251
0 0.118656 0.858701 0.0661973 0.0214249 0.616366
0 0.395651 0.803033 0.0439153 0.0211923 0.596228
0 0.223896 0.659426 0.022988 0.0102102 0.593262
0 0.403687 0.754467 0.0225831 0.0113393 0.585568
0 0.530562 0.863527 0.0363453 0.0132713 0.576165
0 0.148318 0.562563 0.0296999 0.0171285 0.560454
0 0.259584 0.663313 0.0191865 0.00963799 0.548726
0 0.032117 0.580154 0.0230837 0.00978918 0.547706
0 0.52935 0.76452 0.0162367 0.0141427 0.527916
0 0.827366 0.651815 0.0293165 0.021915 0.4535
0 0.578243 0.59211 0.0294546 0.0101925 0.371254
0 0.0797864 0.84272 0.0222407 0.0139798 0.363952
0 0.984234 0.746913 0.0228765 0.0151308 0.36184
0 0.595195 0.842943 0.0151765 0.00950186 0.351684
0 0.817507 0.621005 0.0283795 0.00972539 0.350305
0 0.351117 0.546555 0.0220797 0.014201 0.327477
0 0.136112 0.842255 0.0227193 0.0131633 0.323527
0 0.510651 0.700628 0.0178337 0.0129129 0.312425
0 0.588108 0.87573 0.0817312 0.0316742 0.297794
0 0.987858 0.732568 0.0212078 0.0145613 0.279914
0 0.127403 0.466621 0.019606 0.00886059 0.273893
0 0.891014 0.545338 0.0215729 0.0106492 0.256988
0 0.522969 0.762956 0.0303962 0.018463 0.252181
