0 0.257313 0.755945 0.229999 0.0619265 0.919096
0 0.753552 0.813137 0.0870845 0.0386252 0.916394
0 0.854025 0.867887 0.151691 0.0467054 0.911831
0 0.11887 0.72426 0.110567 0.0489703 0.897542
0 0.402599 0.741941 0.0440032 0.0313822 0.896081
0 0.354609 0.858503 0.116078 0.0617325 0.887652
0 0.481142 0.877943 0.0759396 0.0496846 0.876551
0 0.253047 0.85551 0.0755971 0.03046 0.853175
0 0.614693 0.881197 0.190324 0.0749966 0.829072
0 0.573335 0.685597 0.0375218 0.0196623 0.826365
0 0.0322168 0.689904 0.0617309 0.0779006 0.797672
0 0.023404 0.780374 0.0449782 0.0222569 0.794475
0 0.440963 0.699136 0.0599764 0.0233669 0.789167
0 0.710921 0.720602 0.0336562 0.0162176 0.780308
0 0.114066 0.552775 0.0334448 0.0224667 0.771974
0 0.823452 0.724576 0.0617522 0.0163841 0.767104
0 0.541414 0.79362 0.158891 0.074757 0.685224
0 0.687003 0.741201 0.0226065 0.0112051 0.660672
0 0.565908 0.765125 0.0305083 0.0274103 0.652315
0 0.0969392 0.584096 0.0273718 0.0123695 0.627352
0 0.39183 0.653927 0.0290857 0.0106425 0.62735
0 0.249106 0.659694 0.0227289 0.0106737 0.577599
0 0.841907 0.836213 0.0214363 0.0125767 0.564937
0 0.842499 0.669092 0.0211414 0.0124857 0.562824
0 0.252272 0.686201 0.0430712 0.0224544 0.548007
0 0.491973 0.768657 0.0606283 0.0226402 0.522936
0 0.660909 0.63523 0.021446 0.0133403 0.492902
0 0.269869 0.592247 0.0251668 0.0109568 0.459659
0 0.980016 0.69056 0.0236239 0.0110896 0.432201
0 0.622439 0.604886 0.0170041 0.011932 0.418482
0 0.473574 0.852836 0.0287807 0.020532 0.397562
0 0.99044 0.666405 0.0169538 0.0116094 0.376497
0 0.954177 0.760833 0.0166043 0.00582352 0.344574
0 0.14369 0.602106 0.0248717 0.00918258 0.336873
0 0.545987 0.807219 0.150678 0.0479076 0.315398
0 0.512938 0.674514 0.015072 0.0133782 0.266644
0 0.179549 0.685955 0.0129412 0.00976395 0.263795
