0 0.291766 0.844176 0.0658341 0.0427034 0.880211
0 0.551858 0.857661 0.0679213 0.0330518 0.861702
0 0.211418 0.781281 0.0422276 0.0153604 0.850215
0 0.862692 0.735705 0.0863784 0.02036 0.849193
0 0.14706 0.790441 0.050141 0.0219623 0.836465
0 0.842399 0.829534 0.1256 0.0357326 0.8355
0 0.216092 0.824062 0.0842461 0.0285484 0.8352
0 0.495198 0.64222 0.0463422 0.0160385 0.826536
0 0.300671 0.757404 0.0351345 0.0146267 0.817472
0 0.22311 0.718892 0.0467599 0.0177971 0.810471
0 0.474474 0.854111 0.0541859 0.0277296 0.795435
0 0.651513 0.677495 0.0468023 0.014434 0.781237
0 0.286313 0.808717 0.0341869 0.0170706 0.758564
0 0.129955 0.826807 0.0375288 0.0228945 0.757014
0 0.406367 0.671448 0.0398388 0.015401 0.751224
0 0.707883 0.741348 0.030154 0.0143962 0.740398
0 0.507177 0.764504 0.0708387 0.0170136 0.739677
0 0.652395 0.846277 0.0295871 0.0171688 0.729271
0 0.94528 0.779211 0.0481484 0.0308161 0.726617
0 0.653184 0.718482 0.0377168 0.015576 0.719099
0 0.73947 0.805375 0.0356249 0.0167976 0.711341
0 0.452262 0.759545 0.037507 0.0156666 0.708199
0 0.192445 0.688112 0.0356543 0.0241831 0.705702
0 0.857214 0.694181 0.0231175 0.0116909 0.702566
0 0.26802 0.703978 0.0297435 0.0106371 0.702318
0 0.398393 0.801666 0.0285884 0.0135032 0.701755
0 0.0669518 0.78934 0.0404054 0.0122371 0.699765
0 0.926556 0.797516 0.0517364 0.0393694 0.698172
0 0.872723 0.78079 0.0256058 0.0148765 0.696607
0 0.417643 0.710226 0.0696922 0.0282024 0.675193
0 0.698423 0.62353 0.0375535 0.0138493 0.65959
0 0.509013 0.733445 0.0206747 0.0176448 0.646888
0 0.794314 0.74554 0.0310289 0.0161159 0.638322
0 0.652247 0.797696 0.0304755 0.0303421 0.636934
0 0.595824 0.823976 0.0291293 0.0139043 0.632529
0 0.752419 0.790104 0.0266884 0.0158255 0.622677
0 0.45434 0.691515 0.0267227 0.00961028 0.622378
0 0.0617941 0.769656 0.026593 0.0216515 0.612406
0 0.37731 0.729302 0.0546623 0.0164877 0.608613
0 0.335664 0.851266 0.051427 0.0353942 0.601504
0 0.311078 0.636596 0.0276977 0.0132433 0.599742
0 0.691416 0.542113 0.0242855 0.0125138 0.597645
0 0.108531 0.811526 0.0364123 0.0198735 0.594829
0 0.263027 0.536739 0.0298075 0.0151348 0.552764
0 0.318185 0.618652 0.0242165 0.00998648 0.540446
0 0.526605 0.746715 0.0236223 0.0155893 0.534355
0 0.338017 0.664394 0.026331 0.0101469 0.52912
0 0.191787 0.531532 0.0423597 0.0125971 0.524324
0 0.04174 0.530437 0.0271391 0.0122392 0.505334
0 0.0689365 0.613963 0.0269471 0.0114411 0.479207
0 0.929584 0.825127 0.0473554 0.0198286 0.478919
0 0.536816 0.702121 0.0310907 0.00922725 0.473712
0 0.773084 0.812365 0.0223071 0.0169569 0.471859
0 0.550222 0.621551 0.0195568 0.0102208 0.466516
0 0.196719 0.528705 0.0534897 0.0189035 0.466202
0 0.51412 0.836648 0.0262499 0.0110463 0.46038
0 0.876587 0.63579 0.0224389 0.010884 0.432869
0 0.574872 0.561064 0.0221288 0.00948315 0.429081
0 0.62139 0.858487 0.063924 0.0346672 0.405687
0 0.635589 0.529102 0.0180424 0.0100376 0.404049
0 0.436819 0.840797 0.0210985 0.0229444 0.393796
0 0.636962 0.76223 0.0299562 0.0138717 0.387437
0 0.775182 0.629777 0.0151801 0.00749864 0.344662
0 0.417064 0.611171 0.0244746 0.012006 0.342602
0 0.780837 0.53967 0.0179208 0.00777665 0.332005
0 0.668537 0.608662 0.0153604 0.0100364 0.291595
0 0.628719 0.832163 0.0205378 0.0120949 0.282281
0 0.749252 0.58768 0.0240412 0.00939638 0.275764
0 0.509084 0.567059 0.017877 0.00805723 0.26753
0 0.94587 0.603797 0.0177631 0.0076416 0.261709
