0 0.381833 0.807894 0.077252 0.0535337 0.903778
0 0.182015 0.823919 0.085569 0.061048 0.890319
0 0.215036 0.756935 0.0493671 0.0299119 0.868624
0 0.855519 0.818245 0.0981421 0.027574 0.860664
0 0.579805 0.725773 0.0552376 0.0255795 0.847472
0 0.612517 0.842178 0.0368759 0.0253845 0.840324
0 0.0376288 0.800085 0.0732618 0.0318947 0.824511
0 0.687872 0.879892 0.051936 0.0263708 0.80658
0 0.617163 0.799752 0.0453447 0.0207097 0.806179
0 0.921531 0.772129 0.0267409 0.0175381 0.801437
0 0.748793 0.833102 0.0432095 0.0356906 0.789766
0 0.793597 0.842491 0.0498123 0.0312925 0.774266
0 0.954262 0.796119 0.0442167 0.0233097 0.766164
0 0.316109 0.863396 0.0353269 0.0168686 0.761516
0 0.532677 0.729671 0.0241178 0.0227514 0.756889
0 0.765244 0.872751 0.14432 0.0369957 0.750917
0 0.76299 0.793319 0.0245767 0.0140044 0.707986
0 0.114215 0.853502 0.0485037 0.0215568 0.696205
0 0.929864 0.848639 0.0502559 0.0168724 0.677796
0 0.543362 0.631175 0.0312099 0.00956249 0.647793
0 0.30313 0.61137 0.0307868 0.0148586 0.645257
0 0.0642394 0.532202 0.0250914 0.0150322 0.636373
0 0.57897 0.762758 0.0422625 0.013091 0.620914
0 0.162456 0.864506 0.0623614 0.0237957 0.615366
0 0.642934 0.833713 0.0261646 0.00973624 0.589292
0 0.0990172 0.715885 0.0206806 0.00919058 0.536681
0 0.362333 0.640325 0.023057 0.0106127 0.514259
0 0.813026 0.771737 0.0243724 0.0126046 0.510764
0 0.920866 0.725767 0.0289007 0.0214102 0.482988
0 0.202851 0.607808 0.035961 0.0142757 0.478636
0 0.626122 0.594188 0.02057 0.00838261 0.405807
0 0.679244 0.824201 0.0265704 0.012798 0.384595
0 0.478662 0.754314 0.0256941 0.0124987 0.377802
0 0.34583 0.683945 0.0134395 0.00971377 0.347918
0 0.990625 0.81123 0.0185094 0.0227393 0.329409
0 0.706526 0.692837 0.0171173 0.00691736 0.32156
0 0.879566 0.671185 0.0158921 0.00777398 0.252602
