0 0.83454 0.776907 0.0763837 0.0713224 0.933928
0 0.813177 0.652655 0.0941619 0.0672468 0.913639
0 0.168762 0.651903 0.0610636 0.0391965 0.905513
0 0.397955 0.695525 0.113361 0.0637449 0.905485
0 0.235339 0.620542 0.06732 0.0575722 0.903896
0 0.624184 0.739696 0.0955596 0.0653836 0.897826
0 0.691588 0.772586 0.0819504 0.0482067 0.895034
0 0.534686 0.679361 0.112408 0.0532619 0.894834
0 0.924453 0.58694 0.107432 0.0637323 0.893016
0 0.505336 0.60256 0.0846226 0.0361624 0.889803
0 0.741001 0.71477 0.127261 0.0731571 0.883732
0 0.468475 0.54077 0.0659619 0.0332372 0.88258
0 0.415798 0.577147 0.13021 0.047973 0.881336
0 0.701362 0.475779 0.128751 0.0473728 0.871906
0 0.784474 0.594188 0.0799235 0.0374962 0.866496
0 0.443884 0.655113 0.0406311 0.0287085 0.864498
0 0.203564 0.908475 0.112772 0.0596752 0.861483
0 0.152277 0.609441 0.0562613 0.0278319 0.860195
0 0.82947 0.463466 0.132741 0.0678419 0.859639
0 0.867377 0.714666 0.0779419 0.0335573 0.859251
0 0.88925 0.754292 0.0518286 0.0303759 0.855747
0 0.61385 0.666824 0.110051 0.0652506 0.855594
0 0.0858127 0.735538 0.158287 0.0342941 0.85331
0 0.439768 0.815094 0.15181 0.170097 0.852956
0 0.699998 0.526425 0.0508811 0.0321941 0.850397
0 0.579324 0.481697 0.0995776 0.0379642 0.849191
0 0.482945 0.492097 0.0497559 0.0277187 0.845349
0 0.649293 0.558814 0.0826709 0.0507789 0.84514
0 0.209685 0.565339 0.072346 0.0225483 0.844479
0 0.312507 0.578265 0.0347982 0.0191248 0.839543
0 0.0768476 0.634635 0.0985869 0.0491183 0.835508
0 0.717293 0.83802 0.0802033 0.0450546 0.829714
0 0.606241 0.804477 0.0410292 0.0368264 0.827132
0 0.360853 0.61853 0.0836419 0.0306719 0.827112
0 0.259266 0.731369 0.0332217 0.0203087 0.826412
0 0.527182 0.446256 0.0701935 0.0187093 0.822593
0 0.704329 0.63491 0.0975888 0.0449505 0.820526
0 0.862328 0.560679 0.0462948 0.0239903 0.817402
0 0.148765 0.796924 0.0594479 0.0292482 0.815237
0 0.8327 0.528373 0.04207 0.0239799 0.814833
0 0.521084 0.525254 0.0386357 0.0299942 0.813607
0 0.953191 0.694378 0.0534666 0.0398827 0.812693
0 0.126501 0.490412 0.0467933 0.0314905 0.811421
0 0.693613 0.912773 0.0479816 0.0394915 0.810549
0 0.4248 0.504623 0.0526296 0.0229515 0.809588
0 0.28551 0.906729 0.0455048 0.0276926 0.808347
0 0.347148 0.93417 0.0881757 0.0289276 0.803222
0 0.636301 0.938586 0.0681878 0.0531597 0.794137
0 0.518218 0.903232 0.0857547 0.0590096 0.793774
0 0.153351 0.834667 0.0533548 0.0221455 0.792223
0 0.228291 0.668189 0.0446688 0.0208602 0.78721
0 0.795095 0.501942 0.0414384 0.0334206 0.786474
0 0.815297 0.567481 0.0298374 0.0234533 0.782696
0 0.74153 0.561144 0.0439932 0.0189455 0.781335
0 0.9556 0.774311 0.0820215 0.0372576 0.776796
0 0.91814 0.738049 0.0519735 0.0210771 0.773712
0 0.339794 0.742801 0.0356964 0.0178194 0.769975
0 0.377473 0.488726 0.0446264 0.0178503 0.759169
0 0.728051 0.593584 0.0233546 0.0228516 0.755883
0 0.289585 0.653116 0.0264727 0.016956 0.752712
0 0.0805561 0.538153 0.0390817 0.0196691 0.750892
0 0.576273 0.890012 0.0415939 0.0301082 0.750515
0 0.290542 0.766878 0.0484245 0.0259738 0.745688
0 0.0265213 0.413685 0.0471133 0.0276691 0.744174
0 0.673203 0.69884 0.0535519 0.0352489 0.740836
0 0.579064 0.536875 0.0479543 0.0209948 0.740139
0 0.775417 0.746449 0.0348677 0.0221729 0.734641
0 0.974273 0.662833 0.0461238 0.0230465 0.731302
0 0.943349 0.425064 0.0589957 0.0253842 0.73101
0 0.0759983 0.88457 0.0847285 0.0571428 0.723517
0 0.782744 0.810405 0.0388886 0.0256609 0.722988
0 0.772361 0.628895 0.0271459 0.0240895 0.709953
0 0.037501 0.840734 0.0721065 0.0375944 0.709224
0 0.131317 0.870621 0.0368186 0.0163601 0.704865
0 0.0479752 0.512885 0.0331282 0.0215136 0.704068
0 0.169812 0.851477 0.0357666 0.018523 0.700233
0 0.27189 0.578087 0.030722 0.0224007 0.689444
0 0.887313 0.664822 0.0503572 0.0458944 0.687657
0 0.917002 0.847779 0.0585916 0.0400884 0.675866
0 0.03748 0.689092 0.0338495 0.0145318 0.673664
0 0.451562 0.931198 0.0630207 0.0517642 0.673226
0 0.22538 0.808527 0.0365028 0.0165318 0.665344
0 0.0690459 0.763439 0.0357227 0.0174962 0.665027
0 0.873418 0.827293 0.0557397 0.0284118 0.664128
0 0.250595 0.42535 0.0338685 0.0216947 0.659146
0 0.213824 0.771112 0.131806 0.0399504 0.657891
0 0.327089 0.513729 0.0372363 0.0279481 0.651933
0 0.0820824 0.708417 0.0307313 0.0117171 0.641146
0 0.536328 0.796868 0.0895472 0.0325227 0.640382
0 0.340183 0.803129 0.0618716 0.0618896 0.633862
0 0.664543 0.599478 0.0221977 0.016111 0.631998
0 0.251516 0.493932 0.0358177 0.0152771 0.625116
0 0.173168 0.481224 0.0374919 0.0200373 0.6181
0 0.506054 0.948009 0.049476 0.0474869 0.614643
0 0.0624709 0.611791 0.0481192 0.0294085 0.602857
0 0.70568 0.881731 0.0550489 0.0251827 0.577485
0 0.690624 0.665166 0.0783401 0.0155539 0.576441
0 0.211501 0.844498 0.0265728 0.029636 0.574655
0 0.828886 0.424435 0.0682361 0.0286975 0.570571
0 0.644221 0.803148 0.0237985 0.0180226 0.560804
0 0.214591 0.713816 0.0191865 0.0175151 0.540862
0 0.286796 0.554115 0.0463133 0.0215374 0.539853
0 0.759583 0.920919 0.0895871 0.0678261 0.534955
0 0.541613 0.861696 0.0238088 0.0177788 0.525541
0 0.969708 0.409354 0.0307128 0.0178517 0.523775
0 0.399261 0.651162 0.0179375 0.0129007 0.506034
0 0.329719 0.490857 0.0232807 0.0106841 0.503979
0 0.215612 0.963509 0.0812524 0.029897 0.480486
0 0.0187311 0.591909 0.0363532 0.0188684 0.478947
0 0.733708 0.513411 0.0209676 0.0139065 0.472807
0 0.363924 0.452097 0.0248598 0.0191016 0.463448
0 0.627103 0.832996 0.0200419 0.013708 0.462915
0 0.957809 0.721481 0.0564333 0.0213259 0.461526
0 0.624184 0.878764 0.0970738 0.0741062 0.450753
0 0.56682 0.389242 0.0223535 0.00920966 0.447751
0 0.203019 0.4864 0.0317262 0.0301039 0.44484
0 0.175505 0.942671 0.0333644 0.0146409 0.444677
0 0.287425 0.53323 0.0213648 0.0136829 0.439181
0 0.288533 0.456288 0.0291671 0.0108583 0.437205
0 0.97123 0.838776 0.0549197 0.0317417 0.425296
0 0.301389 0.873736 0.134911 0.0542118 0.413744
0 0.0757934 0.598103 0.0263309 0.0160902 0.412875
0 0.319975 0.704666 0.0274833 0.00865858 0.405696
0 0.935541 0.759962 0.0191758 0.00887148 0.395354
0 0.933332 0.654142 0.0483263 0.0447571 0.394868
0 0.212677 0.83888 0.0244727 0.0239986 0.393816
0 0.66007 0.867576 0.0293795 0.017001 0.392382
0 0.34228 0.628081 0.0406206 0.0138165 0.389189
0 0.906055 0.664348 0.0877045 0.0492853 0.382919
0 0.189947 0.767511 0.184164 0.0489033 0.365127
0 0.946206 0.421596 0.0666594 0.0333692 0.363576
0 0.550217 0.733324 0.0390204 0.0277409 0.341086
0 0.983277 0.548032 0.0329393 0.0135447 0.339064
0 0.939072 0.81091 0.0544731 0.0276574 0.334018
0 0.218659 0.542154 0.0167022 0.0140156 0.328858
0 0.610091 0.862883 0.0681053 0.0407215 0.311634
0 0.292269 0.829586 0.0961141 0.0387095 0.310767
0 0.633609 0.897733 0.0769016 0.0344681 0.298336
0 0.135534 0.753834 0.0732745 0.0221861 0.297949
0 0.967415 0.476867 0.0435199 0.025874 0.290062
0 0.969722 0.509273 0.0593663 0.0579857 0.289558
0 0.897609 0.845847 0.0965373 0.045635 0.289318
0 0.242484 0.833788 0.0294311 0.0141631 0.287807
0 0.831832 0.894465 0.106889 0.124755 0.284417
0 0.60499 0.585597 0.0132749 0.0130259 0.276414
0 0.301293 0.853934 0.134832 0.0973552 0.267114
0 0.0896012 0.929306 0.116005 0.0514602 0.264926
0 0.990102 0.570719 0.0197952 0.013966 0.264291
0 0.688329 0.956961 0.050481 0.0328455 0.263001
0 0.798204 0.894533 0.172486 0.125786 0.262318
0 0.566753 0.935257 0.0192404 0.0152734 0.259843
0 0.478182 0.768686 0.16801 0.0882459 0.259339
0 0.597663 0.861952 0.044335 0.0392263 0.250353
