0 0.408668 0.909731 0.123386 0.062898 0.89484
0 0.43538 0.722244 0.100994 0.089231 0.888729
0 0.52982 0.599803 0.063911 0.043708 0.885125
0 0.694791 0.560527 0.0575165 0.0302313 0.883499
0 0.635227 0.793067 0.144542 0.0888298 0.882955
0 0.7177 0.91852 0.0544527 0.0410501 0.877739
0 0.198026 0.918293 0.13831 0.0799401 0.875127
0 0.501302 0.766483 0.0834517 0.0741896 0.868216
0 0.626914 0.7127 0.0470857 0.0469959 0.8659
0 0.414754 0.803132 0.108524 0.0730433 0.863019
0 0.786882 0.919469 0.0737013 0.0295941 0.860409
0 0.0823458 0.708011 0.117611 0.0345266 0.857276
0 0.604735 0.61519 0.073782 0.0490063 0.855059
0 0.690714 0.680047 0.0729948 0.0388716 0.853303
0 0.878805 0.827647 0.0347432 0.0232567 0.848323
0 0.356776 0.534142 0.0293521 0.0205158 0.847285
0 0.908027 0.917125 0.0736867 0.0327721 0.845837
0 0.165594 0.734172 0.0690359 0.0412113 0.845023
0 0.242049 0.651478 0.0539063 0.0248024 0.842104
0 0.498446 0.829203 0.0527811 0.0287567 0.841726
0 0.33211 0.617645 0.0626799 0.024248 0.841101
0 0.191229 0.659637 0.0316584 0.0155131 0.839811
0 0.583386 0.934282 0.0515311 0.0327016 0.833804
0 0.687712 0.710685 0.0599899 0.0205122 0.829524
0 0.102529 0.664703 0.0344742 0.0203367 0.828865
0 0.256578 0.797363 0.0420348 0.0180362 0.828079
0 0.434451 0.55458 0.12374 0.0309761 0.827555
0 0.816956 0.723414 0.0363839 0.0188744 0.824438
0 0.543507 0.693684 0.086708 0.0410154 0.822971
0 0.888859 0.421884 0.0905245 0.0307959 0.822069
0 0.923108 0.876526 0.0658724 0.0494295 0.822007
0 0.731864 0.748253 0.0683668 0.0399287 0.818713
0 0.743115 0.635927 0.142962 0.0859571 0.818191
0 0.318283 0.794786 0.0426587 0.0168607 0.81577
0 0.538652 0.861049 0.0353859 0.0239887 0.8141
0 0.853201 0.881374 0.0771717 0.0337011 0.812545
0 0.57936 0.859002 0.0350384 0.0199457 0.807347
0 0.798465 0.454908 0.0540584 0.0145529 0.806283
0 0.308286 0.541657 0.0312882 0.0303714 0.804632
0 0.328667 0.690051 0.0963656 0.0458654 0.802435
0 0.569668 0.832179 0.0680501 0.0305351 0.801575
0 0.285109 0.659234 0.0350902 0.0211245 0.799876
0 0.663166 0.857586 0.062292 0.0315884 0.799232
0 0.360481 0.734956 0.0445229 0.0202845 0.796643
0 0.107106 0.880259 0.0993972 0.064706 0.793686
0 0.604349 0.668642 0.0831924 0.0327634 0.792833
0 0.189277 0.604438 0.0415881 0.0134634 0.792741
0 0.519638 0.908869 0.0767666 0.0696823 0.791116
0 0.643638 0.466121 0.0554253 0.0141901 0.790734
0 0.738723 0.714003 0.0517259 0.0182081 0.789578
0 0.530164 0.659797 0.0339172 0.0218991 0.787879
0 0.775764 0.765734 0.110815 0.0597486 0.782243
0 0.852011 0.701868 0.0598399 0.0270549 0.770544
0 0.206762 0.554054 0.0328192 0.0173285 0.767773
0 0.413569 0.619174 0.0524678 0.0234484 0.76589
0 0.245905 0.734196 0.0609668 0.0292219 0.764605
0 0.580239 0.72754 0.0221437 0.0217197 0.764466
0 0.452729 0.854698 0.0985222 0.0405846 0.762516
0 0.624607 0.528413 0.0479043 0.0233853 0.761273
0 0.91069 0.563295 0.0622784 0.0481746 0.76013
0 0.85943 0.491236 0.0447346 0.0419588 0.758834
0 0.769837 0.516943 0.0559108 0.0376737 0.758209
0 0.935773 0.453842 0.0282888 0.0238382 0.755703
0 0.16033 0.679842 0.0258303 0.0128258 0.748334
0 0.490698 0.663296 0.0316187 0.0145273 0.745144
0 0.70194 0.424148 0.0526225 0.0141943 0.744577
0 0.943795 0.535183 0.0588178 0.0383352 0.743711
0 0.357414 0.876253 0.0418554 0.0279339 0.743124
0 0.881826 0.726386 0.0699868 0.0230015 0.741973
0 0.301846 0.634021 0.0549575 0.0134498 0.741745
0 0.47907 0.687568 0.0361324 0.0195133 0.73946
0 0.166489 0.55162 0.0313224 0.0152868 0.739294
0 0.202753 0.836025 0.0507301 0.0201122 0.736557
0 0.825131 0.437328 0.0561117 0.0169627 0.73434
0 0.0869443 0.56304 0.0245593 0.0143921 0.730173
0 0.902367 0.468013 0.0546391 0.0192991 0.729057
0 0.445085 0.502734 0.0384661 0.018762 0.728955
0 0.810453 0.470905 0.0220546 0.0138792 0.727894
0 0.625925 0.870526 0.060007 0.0177896 0.726722
0 0.0811203 0.738143 0.0392207 0.0163788 0.726432
0 0.768949 0.434403 0.0250408 0.0155945 0.723104
0 0.486556 0.446802 0.0368362 0.01429 0.721007
0 0.278514 0.55255 0.0237067 0.0199721 0.719228
0 0.832652 0.942333 0.0257231 0.0119314 0.717846
0 0.12865 0.554672 0.0352463 0.0235603 0.716446
0 0.705977 0.589234 0.0235651 0.0219824 0.713703
0 0.794886 0.878921 0.0408023 0.0309029 0.70633
0 0.754132 0.479949 0.0266329 0.0133731 0.704607
0 0.0435665 0.577196 0.0263056 0.0169417 0.702106
0 0.266931 0.937607 0.0398861 0.0163713 0.701871
0 0.237733 0.841321 0.0392771 0.0240657 0.700595
0 0.175805 0.698789 0.0306336 0.0199566 0.694833
0 0.215346 0.69288 0.0457877 0.0217872 0.693744
0 0.337832 0.832214 0.09278 0.0344665 0.691699
0 0.888785 0.589866 0.0411334 0.0221501 0.691528
0 0.838494 0.801895 0.032062 0.014219 0.690488
0 0.92958 0.493326 0.0274896 0.0159506 0.685837
0 0.843909 0.373445 0.03127 0.0131128 0.680955
0 0.596201 0.696147 0.0264028 0.0167951 0.67868
0 0.885407 0.620157 0.0530823 0.03943 0.668656
0 0.699425 0.48766 0.0642994 0.0210852 0.666234
0 0.856748 0.904749 0.03227 0.0110182 0.664419
0 0.518289 0.54305 0.0277424 0.0108612 0.660517
0 0.295716 0.569496 0.0551347 0.0151548 0.660452
0 0.675579 0.520681 0.0240026 0.0256546 0.659805
0 0.126352 0.756952 0.0849256 0.0285019 0.656382
0 0.289904 0.859292 0.0483712 0.0296863 0.65505
0 0.505951 0.573101 0.0239246 0.0122393 0.653707
0 0.46617 0.594496 0.0218672 0.0172171 0.653569
0 0.608653 0.568267 0.113905 0.0589798 0.651919
0 0.858489 0.931176 0.0255714 0.0173664 0.651416
0 0.649526 0.742705 0.0258084 0.0218387 0.648985
0 0.25891 0.758108 0.0268111 0.00787638 0.631643
0 0.243846 0.714496 0.0385026 0.0187019 0.629054
0 0.430712 0.680999 0.0224634 0.0276989 0.628607
0 0.123041 0.635991 0.0251973 0.0268851 0.625696
0 0.0172726 0.544787 0.0249116 0.01103 0.623065
0 0.338066 0.496723 0.0255831 0.0224707 0.621516
0 0.120447 0.730932 0.024317 0.0198087 0.621173
0 0.477766 0.945975 0.0683449 0.0307631 0.61126
0 0.56733 0.636541 0.0232353 0.0180586 0.609847
0 0.371547 0.484017 0.0389614 0.0196947 0.595906
0 0.815053 0.51388 0.0551459 0.0530954 0.59562
0 0.86352 0.961644 0.0263548 0.0170907 0.594933
0 0.8451 0.763409 0.0475865 0.0242204 0.592946
0 0.121452 0.581724 0.0291041 0.0112949 0.592313
0 0.888607 0.66491 0.0719413 0.0516717 0.59173
0 0.0718191 0.764192 0.033689 0.0109723 0.587244
0 0.942852 0.619769 0.0371777 0.0231615 0.586745
0 0.896277 0.707514 0.0260522 0.0140006 0.585604
0 0.89266 0.953211 0.0325787 0.0117966 0.585482
0 0.540044 0.81299 0.0240895 0.020297 0.57842
0 0.788101 0.700779 0.0391681 0.0258677 0.576158
0 0.0720766 0.598103 0.0390423 0.0117291 0.573319
0 0.351856 0.928415 0.0665519 0.0202929 0.570546
0 0.0886408 0.537676 0.0192732 0.0107251 0.567959
0 0.776466 0.410235 0.0220518 0.0150366 0.563363
0 0.37688 0.772417 0.0259722 0.0181868 0.5605
0 0.147409 0.644411 0.0145856 0.0104669 0.551608
0 0.337618 0.926734 0.0389751 0.0161232 0.550588
0 0.309782 0.889859 0.0334818 0.0314015 0.544695
0 0.43613 0.648726 0.0445897 0.0301492 0.544047
0 0.166186 0.885079 0.0322766 0.0207461 0.541397
0 0.842211 0.783841 0.0301334 0.0167844 0.538459
0 0.924672 0.808162 0.0269994 0.0138872 0.535858
0 0.310429 0.755487 0.0587884 0.0299119 0.529867
0 0.339675 0.759829 0.0389331 0.0208459 0.528336
0 0.433528 0.461663 0.0229044 0.0168961 0.525077
0 0.0139153 0.748816 0.0249495 0.0182118 0.518107
0 0.831412 0.668417 0.0596316 0.0309194 0.516969
0 0.215942 0.58134 0.0251517 0.00878771 0.515288
0 0.259193 0.781337 0.024293 0.0119974 0.497336
0 0.271379 0.836211 0.017405 0.013015 0.496312
0 0.578288 0.493276 0.0183191 0.00921889 0.494388
0 0.909221 0.794863 0.0447318 0.0150391 0.492067
0 0.762138 0.903629 0.0250344 0.0128151 0.488404
0 0.667231 0.923299 0.0226182 0.0143982 0.487595
0 0.813399 0.550046 0.0645815 0.0218185 0.484438
0 0.90424 0.385129 0.0198316 0.0118364 0.482146
0 0.0834575 0.778918 0.0190594 0.00877622 0.480787
0 0.49032 0.878172 0.0309902 0.0358574 0.475843
0 0.839386 0.571532 0.0198802 0.0103378 0.475704
0 0.832724 0.65903 0.0606404 0.0487909 0.475526
0 0.297097 0.916557 0.0286556 0.0144356 0.472613
0 0.967475 0.90862 0.0453443 0.035149 0.471599
0 0.438032 0.643754 0.0383556 0.0197505 0.466805
0 0.842149 0.914873 0.0185235 0.0118171 0.463123
0 0.044223 0.773889 0.0238833 0.0133393 0.4536
0 0.548816 0.438226 0.0234264 0.0128267 0.443743
0 0.632612 0.437533 0.060518 0.018754 0.442667
0 0.942033 0.83704 0.053141 0.0220831 0.440383
0 0.160681 0.77674 0.0708764 0.0200342 0.437037
0 0.214542 0.776778 0.0399331 0.0441311 0.434965
0 0.940185 0.839288 0.0473489 0.0164619 0.4349
0 0.809293 0.593402 0.0845718 0.0348771 0.434128
0 0.282537 0.492849 0.0245388 0.00883857 0.428471
0 0.870774 0.316193 0.0257165 0.00868628 0.42761
0 0.299516 0.75586 0.0381311 0.0292835 0.427314
0 0.914457 0.758946 0.136166 0.0495291 0.425857
0 0.777628 0.701518 0.060409 0.0254861 0.421563
0 0.0502535 0.85861 0.0746622 0.0236631 0.412603
0 0.395921 0.458404 0.0318921 0.0116209 0.407074
0 0.666286 0.439413 0.0280173 0.0154722 0.401936
0 0.969272 0.484205 0.0509119 0.0362787 0.392005
0 0.0600723 0.607559 0.0247909 0.00736043 0.391167
0 0.552386 0.473358 0.0291727 0.0174079 0.390861
0 0.271552 0.812824 0.0211901 0.0116196 0.384357
0 0.736618 0.589935 0.0162859 0.0153201 0.381796
0 0.579927 0.890945 0.0455998 0.0189041 0.378129
0 0.763298 0.846411 0.160667 0.0899956 0.374244
0 0.271711 0.916953 0.0198862 0.0136927 0.368975
0 0.748193 0.416071 0.0179488 0.0128649 0.366234
0 0.875855 0.446416 0.0177754 0.00735437 0.347759
0 0.853084 0.34445 0.0169885 0.00883502 0.347663
0 0.837875 0.843399 0.0272142 0.00959934 0.342092
0 0.811346 0.958355 0.0323169 0.0159613 0.340861
0 0.958699 0.939362 0.0686235 0.0293205 0.337447
0 0.11995 0.641207 0.0216541 0.0203247 0.337083
0 0.119371 0.791104 0.0165077 0.00680465 0.336629
0 0.955478 0.922215 0.0691711 0.0625175 0.329958
0 0.639077 0.585242 0.0546851 0.0263775 0.329114
0 0.780922 0.822867 0.121653 0.0451027 0.308991
0 0.935965 0.397515 0.0191855 0.0146991 0.308459
0 0.355429 0.640068 0.0243908 0.0197408 0.307472
0 0.793814 0.584112 0.0535887 0.0138824 0.303538
0 0.953441 0.735995 0.0441021 0.0151976 0.301641
0 0.736109 0.85715 0.10262 0.0661031 0.301098
0 0.582189 0.567232 0.0610103 0.0556869 0.296263
0 0.951749 0.693875 0.0910968 0.060481 0.295637
0 0.278383 0.618219 0.0163904 0.00865004 0.292766
0 0.831211 0.600379 0.0413077 0.0215561 0.288675
0 0.91473 0.942696 0.0251027 0.0117196 0.2877
0 0.860689 0.935551 0.0293124 0.0240829 0.287639
0 0.63663 0.549951 0.0244169 0.0146843 0.282869
0 0.960378 0.828728 0.0274551 0.0135113 0.282703
0 0.835559 0.526655 0.101296 0.0616514 0.282037
0 0.604245 0.740776 0.0167509 0.0107048 0.273472
0 0.122589 0.816343 0.198041 0.0699745 0.27276
0 0.0528061 0.551053 0.0275219 0.0162544 0.271039
0 0.88868 0.525567 0.0223731 0.0128919 0.268975
0 0.655404 0.482904 0.0233499 0.0104284 0.260002
0 0.198296 0.503443 0.0220241 0.010144 0.258453
0 0.933897 0.364779 0.0304914 0.0198166 0.256957
0 0.303554 0.810103 0.0313626 0.0130254 0.256548
0 0.400395 0.688968 0.0293183 0.0190548 0.254363
0 0.847404 0.629486 0.0245634 0.0120048 0.253902
