0 0.447788 0.838117 0.0669524 0.0384068 0.901031
0 0.83198 0.375499 0.101213 0.0383285 0.873836
0 0.905762 0.533391 0.0582285 0.034569 0.873064
0 0.42674 0.743403 0.111125 0.0462566 0.871123
0 0.70825 0.443436 0.0745999 0.024909 0.856584
0 0.157463 0.732829 0.0443972 0.0242122 0.850045
0 0.758219 0.522207 0.132958 0.0491842 0.848721
0 0.917944 0.698688 0.0663717 0.0494814 0.847115
0 0.699367 0.540077 0.0501824 0.0321308 0.843316
0 0.0729331 0.614325 0.0385685 0.025313 0.83845
0 0.104084 0.734274 0.0619216 0.0334385 0.837122
0 0.636918 0.711512 0.0909153 0.0583974 0.836915
0 0.317102 0.567811 0.0420911 0.0254043 0.835631
0 0.438348 0.522588 0.0579522 0.0196554 0.833819
0 0.814193 0.817544 0.0960221 0.0392336 0.832807
0 0.102084 0.684599 0.1062 0.0429628 0.830692
0 0.896292 0.862597 0.127059 0.0610161 0.829522
0 0.886371 0.75659 0.0474537 0.0372075 0.828272
0 0.149163 0.651574 0.0545137 0.0279034 0.822044
0 0.749369 0.78158 0.0631611 0.0380381 0.819297
0 0.328419 0.462773 0.0927342 0.0315353 0.814356
0 0.369137 0.525277 0.0415931 0.0288524 0.812958
0 0.265968 0.566229 0.0531997 0.0240212 0.812918
0 0.625505 0.480052 0.0375773 0.0251216 0.812545
0 0.664677 0.663078 0.0490124 0.0259306 0.812017
0 0.36225 0.767877 0.0523806 0.0240183 0.807256
0 0.503432 0.650952 0.0758522 0.0497992 0.805163
0 0.294497 0.708398 0.0827543 0.0260365 0.803941
0 0.441448 0.546187 0.0460178 0.0251588 0.803927
0 0.600075 0.570263 0.0300896 0.0146148 0.798908
0 0.264406 0.517252 0.0965798 0.0428892 0.797983
0 0.0490904 0.711535 0.0378733 0.0206856 0.796501
0 0.767381 0.582562 0.0670244 0.0280992 0.796179
0 0.30977 0.638516 0.0815934 0.0216255 0.793381
0 0.2422 0.898853 0.108939 0.0582806 0.79275
0 0.676846 0.794819 0.120821 0.0403007 0.791089
0 0.527038 0.756372 0.0424719 0.0293897 0.79086
0 0.588403 0.804015 0.0560917 0.0522293 0.788527
0 0.313865 0.771282 0.0283513 0.0193425 0.787581
0 0.32894 0.793756 0.0387928 0.0272477 0.78628
0 0.96468 0.539561 0.0541255 0.0369221 0.785243
0 0.44527 0.486049 0.0382201 0.0168299 0.784376
0 0.902572 0.435386 0.0331973 0.0247514 0.781836
0 0.191417 0.517519 0.026242 0.0133245 0.777097
0 0.601228 0.444692 0.0249029 0.019775 0.77698
0 0.470709 0.57323 0.0518332 0.028148 0.775873
0 0.725725 0.603758 0.0601505 0.015802 0.774637
0 0.0802011 0.85712 0.0268155 0.0236091 0.77076
0 0.734399 0.674779 0.0475413 0.0345098 0.765926
0 0.579591 0.596836 0.0590176 0.0185432 0.762567
0 0.364721 0.914104 0.143865 0.0939903 0.762317
0 0.377328 0.574681 0.0439303 0.0323295 0.762013
0 0.898208 0.944774 0.0452612 0.0276534 0.761125
0 0.692925 0.626076 0.0329468 0.0221493 0.75991
0 0.719567 0.694902 0.0380865 0.0303669 0.75957
0 0.517862 0.853632 0.0411945 0.0192043 0.759357
0 0.81592 0.579488 0.0285253 0.012647 0.757921
0 0.199631 0.664862 0.048697 0.0201216 0.756301
0 0.968373 0.441583 0.0554011 0.0407047 0.75603
0 0.049742 0.66428 0.0391829 0.0303534 0.753425
0 0.90904 0.773754 0.0479441 0.0169112 0.752342
0 0.570487 0.680263 0.0710265 0.061011 0.752294
0 0.738771 0.478527 0.0822687 0.0267592 0.749629
0 0.920293 0.818901 0.0538706 0.0190366 0.746802
0 0.0274444 0.614499 0.0514635 0.0211826 0.746434
0 0.380638 0.488239 0.0334144 0.0223839 0.744415
0 0.854069 0.740005 0.030681 0.0139393 0.741988
0 0.568712 0.546665 0.0542074 0.0303676 0.737992
0 0.877063 0.906404 0.0384792 0.026342 0.736836
0 0.316413 0.73028 0.0585471 0.0221767 0.736772
0 0.818348 0.663829 0.168863 0.0608013 0.735889
0 0.137096 0.419748 0.0375462 0.0330285 0.735503
0 0.0764548 0.783701 0.0573489 0.0453118 0.735207
0 0.557946 0.577816 0.0270111 0.0174663 0.733557
0 0.681841 0.580938 0.0430609 0.0134374 0.733479
0 0.252202 0.794008 0.123395 0.0575448 0.732497
0 0.651404 0.533732 0.0399463 0.019894 0.727698
0 0.379221 0.792391 0.0359178 0.0265537 0.725954
0 0.119524 0.852391 0.0428408 0.0313345 0.725788
0 0.0856344 0.392641 0.035383 0.0192398 0.724219
0 0.148183 0.895657 0.0320956 0.0181706 0.724143
0 0.089227 0.6513 0.0493747 0.0242208 0.721849
0 0.931612 0.52137 0.0330422 0.0182899 0.719872
0 0.797571 0.42983 0.0300639 0.0164973 0.719574
0 0.455035 0.662625 0.0504054 0.0233452 0.71872
0 0.653298 0.359412 0.0456007 0.0116591 0.718535
0 0.754094 0.951844 0.0769419 0.0569126 0.715383
0 0.854139 0.7092 0.0501628 0.0251284 0.713344
0 0.112484 0.612773 0.0223815 0.0237703 0.712068
0 0.409498 0.806555 0.0299201 0.0116149 0.711083
0 0.377036 0.610715 0.0587517 0.0376565 0.710142
0 0.194194 0.940436 0.0701857 0.048214 0.709403
0 0.849684 0.609359 0.0486873 0.0222216 0.705718
0 0.828947 0.559832 0.0416817 0.0168579 0.704769
0 0.031878 0.771702 0.0396955 0.0203091 0.704686
0 0.441597 0.611514 0.0378659 0.0155047 0.703514
0 0.935757 0.396781 0.0634816 0.02534 0.702701
0 0.170601 0.804051 0.051286 0.0383423 0.700873
0 0.20063 0.855032 0.103063 0.03522 0.700781
0 0.702685 0.651303 0.0255812 0.0145669 0.699314
0 0.226506 0.751967 0.0634315 0.0296922 0.699123
0 0.214808 0.464735 0.0460455 0.0218092 0.698865
0 0.662864 0.610209 0.0192205 0.014125 0.697445
0 0.131078 0.581342 0.0269151 0.0125753 0.697402
0 0.480125 0.492494 0.021883 0.0115288 0.69614
0 0.651556 0.44068 0.0292915 0.015736 0.691451
0 0.499535 0.683049 0.0364132 0.0166211 0.688308
0 0.896922 0.617518 0.115984 0.0636997 0.685309
0 0.245333 0.432484 0.0339691 0.014226 0.684851
0 0.81999 0.640257 0.0455493 0.0332503 0.682598
0 0.869503 0.572953 0.062595 0.0461468 0.681198
0 0.743618 0.738604 0.0366057 0.019446 0.680323
0 0.857029 0.401937 0.0236362 0.0118798 0.676431
0 0.402886 0.392937 0.0251801 0.0116893 0.675295
0 0.324815 0.441541 0.0277594 0.0145685 0.67298
0 0.223977 0.718778 0.0561469 0.0150257 0.6717
0 0.868738 0.797118 0.0871174 0.0204087 0.666183
0 0.755878 0.406595 0.0809837 0.0308082 0.664954
0 0.587358 0.76374 0.0600327 0.0237787 0.662697
0 0.543123 0.61526 0.0245807 0.0128842 0.6573
0 0.377952 0.865255 0.0235093 0.0190973 0.654533
0 0.900122 0.383149 0.0330024 0.0186552 0.652782
0 0.186312 0.552296 0.0514802 0.0335829 0.651001
0 0.194614 0.886038 0.0398697 0.0284216 0.645907
0 0.146393 0.868639 0.0682868 0.0274147 0.645489
0 0.709153 0.717308 0.0348746 0.0207732 0.643101
0 0.261229 0.585164 0.0268603 0.0122446 0.641143
0 0.279069 0.765907 0.0580156 0.0304239 0.640475
0 0.142015 0.76258 0.0448262 0.0338665 0.638995
0 0.0622622 0.521609 0.0234183 0.0244463 0.638548
0 0.135234 0.789924 0.0366854 0.016687 0.638529
0 0.952175 0.738871 0.0335348 0.0116861 0.636245
0 0.69128 0.740907 0.02228 0.0294018 0.634757
0 0.101809 0.524458 0.0481572 0.0409309 0.633562
0 0.720279 0.572971 0.0326186 0.0151377 0.632759
0 0.798962 0.599856 0.0600136 0.0242303 0.631061
0 0.449969 0.803046 0.0183349 0.010667 0.629734
0 0.226547 0.616135 0.0262851 0.0194165 0.628357
0 0.22464 0.647187 0.0515556 0.031892 0.627385
0 0.630978 0.766537 0.0275654 0.0212377 0.621574
0 0.518547 0.44355 0.0239968 0.01059 0.61916
0 0.895245 0.49618 0.0389115 0.0194693 0.618379
0 0.214949 0.751792 0.0393747 0.0282272 0.618348
0 0.648941 0.638909 0.0332723 0.0207431 0.615771
0 0.187902 0.615242 0.0223287 0.0224022 0.612522
0 0.18534 0.492744 0.0272959 0.00856952 0.609601
0 0.223609 0.570641 0.0241736 0.0111751 0.601413
0 0.232717 0.545146 0.042297 0.0171944 0.599675
0 0.186558 0.63863 0.0293648 0.0141735 0.599411
0 0.476813 0.442453 0.0476551 0.0391519 0.597628
0 0.428269 0.589696 0.0396426 0.0144213 0.597442
0 0.432067 0.8766 0.0697907 0.0344979 0.596291
0 0.814805 0.474872 0.0578254 0.0398376 0.594869
0 0.13416 0.48329 0.0274545 0.0179204 0.593082
0 0.118453 0.442181 0.0247701 0.016833 0.592366
0 0.885395 0.733026 0.0304828 0.0133478 0.592224
0 0.260101 0.615119 0.0277862 0.0223137 0.590553
0 0.380166 0.429354 0.0240624 0.0177775 0.58967
0 0.59686 0.622352 0.0244558 0.0316469 0.586368
0 0.614774 0.639983 0.0247866 0.0122097 0.5861
0 0.222329 0.699721 0.0267907 0.0257355 0.583523
0 0.0373215 0.839863 0.0440268 0.022612 0.58186
0 0.271016 0.93711 0.077228 0.0279063 0.581819
0 0.906899 0.418072 0.0384577 0.0160914 0.580167
0 0.857216 0.505858 0.018248 0.0147807 0.573191
0 0.95737 0.472542 0.0269406 0.0135031 0.571781
0 0.568775 0.429166 0.0254711 0.0149181 0.568283
0 0.818646 0.412658 0.0253283 0.0125853 0.56826
0 0.416436 0.435237 0.0321912 0.0155891 0.564667
0 0.771841 0.719409 0.0578641 0.033709 0.56212
0 0.554159 0.408363 0.0490194 0.0124227 0.560989
0 0.0191654 0.687224 0.0266982 0.0224462 0.556796
0 0.334698 0.672368 0.0197029 0.0122889 0.556703
0 0.862574 0.472857 0.0246139 0.0207449 0.555196
0 0.932774 0.567934 0.0516375 0.024971 0.546469
0 0.805009 0.933543 0.0958184 0.0421417 0.542049
0 0.0190599 0.571774 0.023957 0.0149026 0.542035
0 0.538699 0.727093 0.0376785 0.0110853 0.540854
0 0.143287 0.631859 0.0220402 0.00961448 0.539536
0 0.483254 0.765007 0.0416141 0.031038 0.535343
0 0.236056 0.41781 0.0271638 0.0092471 0.531818
0 0.352001 0.433528 0.0231848 0.0115712 0.526878
0 0.775268 0.558472 0.0319237 0.0160841 0.526109
0 0.592662 0.650202 0.0264989 0.0159418 0.525683
0 0.0117133 0.508203 0.0176852 0.0121361 0.524295
0 0.618805 0.673034 0.0342856 0.00984918 0.522326
0 0.470075 0.958152 0.0795155 0.035736 0.514713
0 0.544044 0.471059 0.0230442 0.0146229 0.514224
0 0.60118 0.851524 0.0626392 0.0309277 0.508423
0 0.547982 0.630539 0.0374061 0.0181238 0.498326
0 0.242952 0.733882 0.0271379 0.0210944 0.496164
0 0.680752 0.522133 0.0232545 0.0144676 0.491286
0 0.949336 0.592427 0.018368 0.0213672 0.489591
0 0.030782 0.591516 0.0169781 0.0207027 0.489211
0 0.158605 0.388422 0.0263079 0.0142551 0.485149
0 0.82066 0.765683 0.0636399 0.0270147 0.484673
0 0.51244 0.715351 0.0251954 0.0141316 0.484484
0 0.368632 0.723678 0.047759 0.0285984 0.48202
0 0.203432 0.804905 0.0195485 0.0231172 0.480238
0 0.921538 0.74504 0.0213711 0.0170044 0.479037
0 0.116999 0.635334 0.0254639 0.0153027 0.478923
0 0.426277 0.567676 0.0340159 0.0230463 0.478624
0 0.454305 0.397919 0.0538485 0.0227891 0.473527
0 0.804044 0.92223 0.0972583 0.0653774 0.469473
0 0.815167 0.720218 0.0362741 0.025387 0.468183
0 0.836345 0.962262 0.0468709 0.0168583 0.466448
0 0.298384 0.658416 0.024112 0.0095308 0.463679
0 0.507891 0.737111 0.0201128 0.0130298 0.460271
0 0.553917 0.410117 0.0511581 0.0170324 0.4601
0 0.246724 0.695865 0.018615 0.0126225 0.457985
0 0.79687 0.344246 0.0211021 0.0134479 0.449125
0 0.982193 0.774974 0.0261864 0.0183321 0.447353
0 0.147391 0.568424 0.0176817 0.0115398 0.444901
0 0.046722 0.562328 0.0169699 0.00872613 0.444078
0 0.422793 0.46413 0.0179594 0.0148661 0.441725
0 0.101757 0.534776 0.0476606 0.0199324 0.441027
0 0.518509 0.534804 0.0161202 0.0103484 0.43681
0 0.453357 0.782248 0.0209039 0.0117995 0.433782
0 0.897361 0.490734 0.0442378 0.030793 0.428961
0 0.229053 0.60743 0.0237332 0.00964148 0.428162
0 0.616197 0.406739 0.0422666 0.0117853 0.423919
0 0.102842 0.519458 0.0433225 0.031908 0.421786
0 0.478146 0.508856 0.0205393 0.0101379 0.418943
0 0.0794046 0.63343 0.0192444 0.0107655 0.414934
0 0.904785 0.480871 0.0261696 0.0113915 0.412906
0 0.482892 0.602765 0.0311628 0.0142637 0.412394
0 0.110517 0.779608 0.0390956 0.0232549 0.409404
0 0.767546 0.688865 0.0215872 0.0130823 0.408966
0 0.576792 0.711091 0.0239377 0.0141584 0.406567
0 0.786961 0.719331 0.0839576 0.0344408 0.402081
0 0.680317 0.682628 0.029093 0.00878083 0.392834
0 0.515947 0.789529 0.0905379 0.0418789 0.390428
0 0.26243 0.661973 0.0438372 0.0160407 0.390253
0 0.38054 0.697657 0.0360069 0.0246067 0.385826
0 0.244162 0.759522 0.0249998 0.0160113 0.385557
0 0.719655 0.569744 0.0351546 0.020841 0.384037
0 0.38993 0.640694 0.0159599 0.0182155 0.38148
0 0.438248 0.938745 0.0530429 0.0254776 0.380993
0 0.633396 0.62145 0.0326051 0.0135353 0.38099
0 0.772601 0.366985 0.0173975 0.0120461 0.377637
0 0.618677 0.660005 0.0317795 0.0171892 0.376777
0 0.519709 0.608713 0.0427802 0.0280304 0.370821
0 0.622846 0.51617 0.0158105 0.0123777 0.369848
0 0.0194115 0.831489 0.0227379 0.00994719 0.363237
0 0.40546 0.632417 0.0154903 0.00542119 0.362112
0 0.677244 0.460304 0.0207293 0.0136979 0.359619
0 0.498795 0.895908 0.149626 0.0742103 0.358274
0 0.131995 0.460871 0.0237163 0.0140371 0.355005
0 0.851204 0.783939 0.0184869 0.00774405 0.353707
0 0.797952 0.604593 0.0595715 0.0338321 0.353245
0 0.414143 0.974645 0.0394814 0.0234049 0.351998
0 0.578024 0.377386 0.0221187 0.0128747 0.351169
0 0.526575 0.495541 0.0185927 0.0105673 0.349037
0 0.798623 0.791639 0.0181116 0.0127148 0.345372
0 0.387245 0.465445 0.0154414 0.00956227 0.343884
0 0.372761 0.7117 0.0558916 0.0534937 0.343796
0 0.928512 0.571948 0.0633255 0.033005 0.342927
0 0.488592 0.452979 0.0230738 0.0176112 0.34215
0 0.326771 0.84323 0.138825 0.0452327 0.341403
0 0.250306 0.40298 0.021369 0.00983801 0.340903
0 0.16043 0.88137 0.0306121 0.011282 0.335883
0 0.876573 0.657318 0.0421502 0.0128199 0.3322
0 0.0615367 0.475741 0.0220576 0.0176184 0.328918
0 0.186962 0.711012 0.0253133 0.0132936 0.324094
0 0.492374 0.817163 0.0234108 0.0207294 0.320579
0 0.138316 0.601499 0.0146586 0.0134409 0.319015
0 0.428022 0.576779 0.0380222 0.0365288 0.31879
0 0.358672 0.843674 0.0825606 0.0432712 0.317593
0 0.201873 0.395706 0.0508811 0.0330801 0.315332
0 0.777317 0.417811 0.0327422 0.00923462 0.314687
0 0.3179 0.532682 0.018662 0.014197 0.314119
0 0.516143 0.70136 0.020429 0.0116769 0.312451
0 0.649653 0.826544 0.0264709 0.0105141 0.312125
0 0.290657 0.423581 0.0318632 0.0178916 0.307485
0 0.732449 0.374925 0.0224275 0.0157619 0.30127
0 0.957629 0.346793 0.0387747 0.0253608 0.295408
0 0.979394 0.602147 0.0216779 0.0160563 0.294912
0 0.331091 0.614777 0.0179128 0.0104319 0.294287
0 0.622618 0.392153 0.0179723 0.00852801 0.293107
0 0.511591 0.612922 0.0215134 0.0196932 0.291676
0 0.495691 0.722816 0.0157644 0.0118316 0.28999
0 0.0946121 0.480241 0.0175194 0.00952185 0.288612
0 0.815751 0.712419 0.0262366 0.0145505 0.28729
0 0.818339 0.742359 0.0147661 0.00842231 0.282715
0 0.841623 0.843885 0.031247 0.0192577 0.281918
0 0.843858 0.447987 0.0201322 0.0102718 0.280749
0 0.676235 0.565334 0.0199589 0.0107067 0.278039
0 0.767908 0.875618 0.0522993 0.02491 0.277527
0 0.293596 0.427338 0.0276756 0.00954608 0.275786
0 0.175164 0.910739 0.0264257 0.0138818 0.275012
0 0.517036 0.801329 0.0908858 0.0686085 0.27221
0 0.772821 0.731084 0.0463879 0.0117949 0.270771
0 0.0468665 0.740878 0.0451206 0.0183788 0.267982
0 0.233701 0.830336 0.0839512 0.0272087 0.265502
0 0.24502 0.869491 0.0330615 0.023727 0.265278
0 0.66811 0.742789 0.0146187 0.0109331 0.264422
0 0.91934 0.383693 0.0734816 0.0190394 0.262385
0 0.0348483 0.637944 0.0376978 0.0248115 0.261395
0 0.97832 0.330884 0.0331917 0.0238906 0.260149
0 0.72504 0.834238 0.105665 0.060366 0.259817
