0 0.162575 0.838347 0.129298 0.107937 0.959178
0 0.628388 0.876633 0.206057 0.0847001 0.951519
0 0.380357 0.897321 0.161498 0.0881145 0.945036
0 0.496883 0.82572 0.0867993 0.0822884 0.939817
0 0.353478 0.823828 0.195723 0.09087 0.934643
0 0.772949 0.841998 0.17833 0.0523411 0.933377
0 0.873395 0.810341 0.096789 0.042463 0.909061
0 0.575194 0.771587 0.13694 0.0480655 0.907451
0 0.0467505 0.740604 0.0544874 0.0332388 0.894903
0 0.751252 0.875525 0.0651031 0.036597 0.893871
0 0.665577 0.829058 0.056539 0.0384091 0.883349
0 0.784684 0.783127 0.095893 0.0557789 0.859567
0 0.417227 0.744778 0.0416532 0.0207048 0.855649
0 0.136259 0.74459 0.0342948 0.0265678 0.846078
0 0.29444 0.665165 0.0781451 0.0232872 0.840555
0 0.0305201 0.832424 0.0600949 0.0596394 0.834676
0 0.612773 0.695273 0.0705914 0.0358141 0.820929
0 0.555655 0.661771 0.0477205 0.0209829 0.806936
0 0.964936 0.791561 0.0307221 0.0199643 0.805557
0 0.386879 0.669023 0.0649985 0.0206061 0.800319
0 0.883616 0.592921 0.0305805 0.0103668 0.782984
0 0.204512 0.750472 0.0395165 0.017017 0.776591
0 0.0339276 0.590964 0.0242487 0.0150005 0.759446
0 0.964283 0.563835 0.0662458 0.0226304 0.752078
0 0.0876346 0.865743 0.045413 0.0174514 0.752003
0 0.643788 0.561044 0.0400653 0.014712 0.750735
0 0.50467 0.905245 0.071459 0.0401575 0.749738
0 0.47085 0.670006 0.0238575 0.00969085 0.741569
0 0.428669 0.530689 0.0379925 0.0232435 0.728833
0 0.611191 0.806975 0.0709201 0.0361825 0.682255
0 0.844614 0.878408 0.0337876 0.0247308 0.676469
0 0.909016 0.674755 0.0317369 0.0165478 0.659811
0 0.622965 0.739394 0.0222313 0.0104004 0.65253
0 0.769127 0.511177 0.0380932 0.0123242 0.64394
0 0.52021 0.693845 0.0227962 0.013301 0.625277
0 0.137773 0.637896 0.0368565 0.0133257 0.610168
0 0.497232 0.935243 0.103239 0.0303787 0.605615
0 0.869676 0.748294 0.0252578 0.0126156 0.605225
0 0.424378 0.652326 0.0151972 0.0121696 0.565919
0 0.0691033 0.650206 0.0794323 0.0275462 0.562083
0 0.984395 0.604749 0.0299047 0.0210799 0.551582
0 0.37993 0.607412 0.0177917 0.00800257 0.542734
0 0.519266 0.605969 0.0234199 0.00849153 0.539908
0 0.562302 0.912568 0.0562919 0.0373991 0.536352
0 0.519363 0.883959 0.0274436 0.0119076 0.535465
0 0.988041 0.765555 0.0239179 0.0214128 0.531706
0 0.649827 0.713145 0.0203359 0.0119683 0.531609
0 0.980169 0.656487 0.0354156 0.0219814 0.53039
0 0.574349 0.540425 0.0266897 0.00964835 0.487437
0 0.0223023 0.888961 0.0417965 0.0147097 0.484707
0 0.553837 0.642379 0.01613 0.0107054 0.48075
0 0.768471 0.745989 0.0189194 0.0101591 0.479014
0 0.223295 0.806504 0.0417871 0.0279367 0.43966
0 0.0114039 0.665747 0.0220447 0.0136809 0.424778
0 0.68183 0.651154 0.0176346 0.0126585 0.41746
0 0.647369 0.602798 0.0204102 0.0082001 0.404914
0 0.700608 0.664539 0.0190261 0.0071743 0.375866
0 0.361492 0.578497 0.0207704 0.0110584 0.361378
0 0.131658 0.651796 0.0223357 0.0110619 0.323011
0 0.876799 0.728993 0.0130482 0.00996455 0.322002
0 0.138818 0.552429 0.014429 0.0114604 0.283751
0 0.271785 0.559038 0.0212045 0.00759087 0.269328
