0 0.258558 0.879271 0.106192 0.114843 0.932341
0 0.500933 0.661977 0.130354 0.12244 0.92649
0 0.624616 0.593388 0.098013 0.0347383 0.926265
0 0.153199 0.858639 0.092961 0.0516905 0.905353
0 0.578666 0.78752 0.160663 0.0690721 0.904599
0 0.697927 0.618047 0.091649 0.0377087 0.90257
0 0.754747 0.544652 0.107079 0.049993 0.895104
0 0.674386 0.895342 0.0928721 0.0503731 0.894848
0 0.383478 0.841381 0.0960619 0.0610919 0.893389
0 0.341441 0.51767 0.104233 0.0408028 0.892165
0 0.112108 0.765732 0.202847 0.0973107 0.889077
0 0.647287 0.821093 0.0878269 0.0483916 0.888423
0 0.23298 0.725055 0.0385646 0.0275433 0.883336
0 0.781974 0.673709 0.0848069 0.0801872 0.882411
0 0.298711 0.831656 0.0547919 0.0262684 0.881845
0 0.388895 0.910241 0.15929 0.0754372 0.880954
0 0.817062 0.810418 0.190884 0.0755679 0.871324
0 0.422727 0.552362 0.0863886 0.0421446 0.867514
0 0.353627 0.62456 0.0632142 0.0275797 0.863186
0 0.41561 0.592013 0.105313 0.0412796 0.854694
0 0.0702647 0.532771 0.110921 0.0274447 0.848704
0 0.382632 0.747709 0.0534243 0.0418967 0.839532
0 0.31298 0.648788 0.0448014 0.0334747 0.836648
0 0.200131 0.621804 0.096101 0.0429304 0.835697
0 0.72821 0.505697 0.118882 0.0367166 0.8349
0 0.334811 0.725726 0.13426 0.0460678 0.833982
0 0.827126 0.757216 0.0732186 0.0368653 0.832892
0 0.116439 0.635353 0.0813755 0.0399225 0.832299
0 0.0771417 0.585697 0.0313361 0.0327359 0.82893
0 0.507522 0.742996 0.0957805 0.0267765 0.824309
0 0.744086 0.876913 0.0644321 0.072229 0.823362
0 0.933686 0.606735 0.0606285 0.0380186 0.818741
0 0.239893 0.485241 0.0557623 0.0289004 0.816648
0 0.195714 0.702551 0.0470393 0.0177134 0.815463
0 0.263344 0.756652 0.052686 0.0285314 0.811451
0 0.865728 0.582884 0.0421772 0.0410406 0.806055
0 0.638763 0.520667 0.109842 0.0410234 0.79396
0 0.816053 0.565802 0.0599521 0.0373009 0.786635
0 0.782671 0.605542 0.040723 0.0200375 0.784232
0 0.502433 0.900542 0.0823716 0.0710165 0.78419
0 0.577973 0.499642 0.0612695 0.0382806 0.783479
0 0.348016 0.587644 0.0521362 0.0226804 0.780051
0 0.920243 0.556095 0.103992 0.0320767 0.773295
0 0.598767 0.721147 0.0652691 0.0417236 0.773264
0 0.354893 0.666328 0.0303893 0.0180403 0.761704
0 0.431265 0.424611 0.0398459 0.0306591 0.751628
0 0.207817 0.676662 0.0537949 0.0264753 0.744142
0 0.0367169 0.712118 0.0685921 0.0332308 0.731606
0 0.650984 0.861995 0.0371514 0.0162873 0.730155
0 0.187607 0.557968 0.144214 0.0413944 0.714334
0 0.931093 0.446256 0.0338265 0.0138684 0.710891
0 0.436906 0.715768 0.0308958 0.0183067 0.696681
0 0.311635 0.415764 0.0260487 0.0193198 0.695502
0 0.252635 0.785598 0.0204568 0.0236793 0.683378
0 0.310785 0.692421 0.0238058 0.0135786 0.6789
0 0.95069 0.867329 0.0364843 0.0162369 0.677636
0 0.968864 0.646471 0.034052 0.0168076 0.672209
0 0.303618 0.671011 0.026218 0.0122352 0.664696
0 0.523134 0.501565 0.047657 0.0236607 0.653917
0 0.493815 0.558015 0.0222151 0.0227138 0.652448
0 0.55094 0.431577 0.0359054 0.026911 0.646605
0 0.305434 0.776312 0.0274699 0.0148478 0.621081
0 0.56902 0.826264 0.0282063 0.0137291 0.618439
0 0.0427324 0.426512 0.0305122 0.0124801 0.614174
0 0.715261 0.478943 0.0355834 0.0147572 0.612005
0 0.226109 0.511621 0.0237847 0.0164893 0.60989
0 0.645129 0.463951 0.0220196 0.0151186 0.600006
0 0.96229 0.510554 0.0376477 0.0219205 0.595073
0 0.136277 0.66702 0.0781148 0.0244535 0.587999
0 0.181625 0.466119 0.021659 0.0156387 0.582679
0 0.0473023 0.60374 0.0309734 0.0157973 0.571558
0 0.944053 0.426134 0.0316227 0.0133727 0.563629
0 0.0493435 0.652699 0.0488746 0.027441 0.555482
0 0.745002 0.956422 0.08186 0.0515888 0.555305
0 0.074129 0.482862 0.058612 0.0142796 0.542446
0 0.0628972 0.677613 0.0188878 0.0152906 0.540063
0 0.446259 0.461777 0.0260499 0.010239 0.537727
0 0.250378 0.650032 0.057831 0.0345655 0.53557
0 0.757912 0.732822 0.0262641 0.0104423 0.527461
0 0.981827 0.52931 0.0311411 0.03386 0.519507
0 0.885264 0.662739 0.055288 0.0254374 0.518999
0 0.0545067 0.847232 0.0909158 0.0448227 0.516832
0 0.0723091 0.504547 0.0308485 0.0103056 0.516575
0 0.348576 0.951745 0.0353518 0.0206211 0.515533
0 0.371134 0.646737 0.0281708 0.0101657 0.50541
0 0.548841 0.962584 0.237029 0.0748312 0.490483
0 0.181288 0.436564 0.0290082 0.0139269 0.489621
0 0.576289 0.690318 0.027392 0.0123865 0.475853
0 0.929378 0.840695 0.0252751 0.0172348 0.458429
0 0.891894 0.540839 0.0240201 0.0124538 0.450977
0 0.512362 0.470273 0.0297866 0.0156525 0.447259
0 0.706992 0.592255 0.0162104 0.0108241 0.431694
0 0.172889 0.560789 0.113174 0.0348015 0.428828
0 0.489167 0.836294 0.0174363 0.0291597 0.41104
0 0.271034 0.406554 0.0182456 0.0122032 0.388184
0 0.331927 0.553342 0.0305915 0.0146727 0.361522
0 0.650739 0.644016 0.0234764 0.00633124 0.350735
0 0.902515 0.665792 0.0207419 0.0186296 0.34601
0 0.406093 0.444498 0.0201314 0.00839875 0.344519
0 0.611651 0.888129 0.0151777 0.00799063 0.33497
0 0.0154854 0.686153 0.0309707 0.0197129 0.316729
0 0.0977696 0.508279 0.015036 0.00767773 0.315466
0 0.231018 0.661049 0.0985105 0.056904 0.309525
0 0.643279 0.955265 0.0544694 0.0579975 0.301543
0 0.576447 0.549524 0.0475098 0.0128049 0.300674
0 0.862112 0.695922 0.059652 0.0251856 0.295956
0 0.125155 0.666052 0.10305 0.0279352 0.295876
0 0.255143 0.693381 0.0156641 0.00670243 0.292412
0 0.985997 0.661618 0.0276391 0.0227709 0.290265
0 0.983695 0.439251 0.0232504 0.0120849 0.281678
0 0.944923 0.68847 0.0195862 0.0116682 0.280235
0 0.0974876 0.466684 0.0145819 0.0117376 0.277454
0 0.0677108 0.652946 0.0838361 0.0281744 0.276087
0 0.772739 0.569466 0.022136 0.00971734 0.272011
0 0.987986 0.418225 0.0174121 0.00788723 0.268279
0 0.340626 0.690478 0.0165303 0.0084007 0.254342
0 0.753858 0.923573 0.0257975 0.0215267 0.251711
0 0.601248 0.940663 0.0413709 0.0283634 0.250202
