0 0.14754 0.67321 0.10214 0.0384545 0.897834
0 0.51085 0.582559 0.0437508 0.0443445 0.885431
0 0.854844 0.649434 0.154279 0.0559109 0.880122
0 0.556895 0.690442 0.0900575 0.0641447 0.875998
0 0.384242 0.880744 0.117865 0.0613896 0.874467
0 0.230107 0.646429 0.0985363 0.0453642 0.870514
0 0.059921 0.832354 0.0874659 0.0437488 0.869926
0 0.536917 0.626995 0.0827752 0.0382006 0.861409
0 0.837354 0.821664 0.0820744 0.0653903 0.86138
0 0.0511287 0.612018 0.0626889 0.0565847 0.856724
0 0.126581 0.630425 0.0988495 0.0480514 0.853903
0 0.213063 0.515011 0.0326561 0.0182963 0.853685
0 0.332774 0.534817 0.0644569 0.0403906 0.853085
0 0.674445 0.901871 0.092833 0.0587875 0.848653
0 0.547902 0.786817 0.072716 0.0413902 0.847617
0 0.15457 0.54315 0.0508806 0.0205501 0.843749
0 0.793812 0.684595 0.0503047 0.0328087 0.84325
0 0.670397 0.593714 0.0453119 0.0319288 0.842983
0 0.739651 0.533535 0.0919049 0.0490198 0.840586
0 0.472669 0.634292 0.0472287 0.0265679 0.839925
0 0.626177 0.751581 0.0886372 0.0412033 0.838859
0 0.635334 0.530105 0.0521221 0.0275772 0.837667
0 0.531527 0.92063 0.0397705 0.0308365 0.835702
0 0.562278 0.513992 0.0663513 0.0291361 0.829394
0 0.116171 0.75679 0.0892256 0.0489063 0.829327
0 0.166459 0.821742 0.045527 0.0174454 0.829253
0 0.651701 0.698811 0.0973526 0.0647715 0.824954
0 0.778341 0.799917 0.0889896 0.0623617 0.824221
0 0.713863 0.608869 0.0430317 0.0319645 0.819771
0 0.234807 0.536942 0.0687315 0.0366766 0.819398
0 0.363043 0.588937 0.0327977 0.0152834 0.818645
0 0.221441 0.748681 0.0755261 0.0450265 0.818515
0 0.350205 0.56472 0.0369934 0.0170525 0.817693
0 0.579304 0.445702 0.079035 0.0239305 0.816465
0 0.133283 0.882906 0.0403729 0.0313556 0.815367
0 0.706057 0.473445 0.0334786 0.0189425 0.815155
0 0.386875 0.77955 0.038331 0.0203662 0.812916
0 0.761859 0.719693 0.134795 0.03825 0.81171
0 0.196731 0.857417 0.0794867 0.0435438 0.808632
0 0.575853 0.592522 0.0312145 0.0270605 0.805147
0 0.107917 0.722512 0.055285 0.0211879 0.802886
0 0.116344 0.845563 0.0351651 0.0208484 0.800664
0 0.275164 0.595623 0.0380644 0.0288884 0.799559
0 0.464649 0.604155 0.0357135 0.0188425 0.79943
0 0.265128 0.50419 0.0598008 0.0252134 0.797087
0 0.90911 0.468853 0.0266569 0.0164492 0.796531
0 0.667617 0.482707 0.0437189 0.0249268 0.796131
0 0.025414 0.698208 0.0489102 0.0295513 0.795066
0 0.389597 0.500193 0.0663111 0.0243508 0.794919
0 0.0497934 0.952163 0.0617817 0.0382694 0.787948
0 0.250799 0.68103 0.0301543 0.012351 0.785326
0 0.358244 0.836308 0.0319851 0.0183212 0.779469
0 0.679307 0.555035 0.0578628 0.0228725 0.778521
0 0.38521 0.751317 0.0684915 0.030356 0.777601
0 0.136467 0.789775 0.0754168 0.0267929 0.776487
0 0.0348753 0.567381 0.0488275 0.0242108 0.77348
0 0.0539956 0.678242 0.0288431 0.0183213 0.773406
0 0.794206 0.503219 0.0713811 0.0522385 0.773021
0 0.401448 0.930185 0.0452969 0.0293724 0.770491
0 0.106796 0.495711 0.0359789 0.0211773 0.769915
0 0.0885175 0.553793 0.0342795 0.0334661 0.769869
0 0.432142 0.525544 0.0638507 0.0343903 0.769126
0 0.335875 0.646648 0.119797 0.0831583 0.767363
0 0.491949 0.535191 0.0487603 0.0221277 0.767098
0 0.496071 0.50983 0.0796591 0.0270638 0.766214
0 0.298768 0.72708 0.0810677 0.0751485 0.764297
0 0.415727 0.661153 0.0490604 0.047033 0.763245
0 0.62671 0.809082 0.110105 0.0753641 0.763018
0 0.315863 0.582552 0.0500123 0.033585 0.756567
0 0.377587 0.800463 0.0592607 0.0212063 0.756121
0 0.490207 0.924963 0.0324608 0.0177834 0.755801
0 0.236724 0.582653 0.0459531 0.027745 0.752877
0 0.617878 0.632348 0.0638204 0.0370935 0.748306
0 0.291682 0.817558 0.111968 0.117301 0.748071
0 0.633487 0.500715 0.0280332 0.0162967 0.746693
0 0.724533 0.674142 0.123011 0.0469248 0.743971
0 0.864957 0.522876 0.0634318 0.0198743 0.743592
0 0.434802 0.574858 0.0500844 0.0180852 0.742141
0 0.197641 0.561405 0.0693288 0.0252178 0.738087
0 0.962016 0.578793 0.0292815 0.0203289 0.736207
0 0.1672 0.734663 0.0548978 0.0327164 0.73502
0 0.816896 0.536605 0.0275005 0.0156461 0.733548
0 0.59732 0.720044 0.0332171 0.0196242 0.733482
0 0.183471 0.78378 0.0366132 0.0261494 0.732548
0 0.772695 0.582067 0.0595968 0.0397561 0.728112
0 0.919453 0.808307 0.0784954 0.0403697 0.723332
0 0.739667 0.639799 0.0537845 0.0287678 0.717326
0 0.41847 0.611992 0.0397588 0.0426964 0.716815
0 0.473524 0.741255 0.0332405 0.0257181 0.712978
0 0.653797 0.64236 0.0239753 0.0212059 0.706862
0 0.403342 0.457183 0.0344835 0.0114514 0.706064
0 0.923324 0.544205 0.0637052 0.0367891 0.702883
0 0.592195 0.552424 0.0222737 0.0184439 0.702336
0 0.212433 0.703446 0.0244541 0.0167485 0.701404
0 0.490681 0.669298 0.0248923 0.0135116 0.69855
0 0.484255 0.770098 0.108742 0.0350301 0.697642
0 0.765371 0.923814 0.0371591 0.0213341 0.695185
0 0.644564 0.452818 0.0385426 0.023991 0.689868
0 0.946995 0.494524 0.041235 0.0209855 0.686318
0 0.295373 0.913006 0.0568714 0.0270633 0.679174
0 0.691931 0.416375 0.0497498 0.0140773 0.67855
0 0.334347 0.94988 0.119092 0.0408757 0.676752
0 0.614862 0.590555 0.0261662 0.0109493 0.668744
0 0.883847 0.570678 0.0559986 0.0258819 0.668027
0 0.741138 0.862 0.14166 0.0785701 0.667428
0 0.280596 0.552007 0.0215187 0.0123846 0.66614
0 0.198602 0.956007 0.0856764 0.0516968 0.664234
0 0.397804 0.817291 0.0451833 0.0202124 0.663152
0 0.733989 0.953532 0.0546177 0.0312199 0.662142
0 0.75116 0.463461 0.0313304 0.0129543 0.66142
0 0.930443 0.96589 0.0385101 0.0230968 0.66106
0 0.428169 0.703667 0.0499719 0.0234022 0.660471
0 0.892007 0.956318 0.0791613 0.0565506 0.656034
0 0.506721 0.731207 0.0300273 0.0117891 0.655946
0 0.782522 0.607516 0.0386113 0.0187544 0.655163
0 0.8177 0.611938 0.0246179 0.0195293 0.651497
0 0.71893 0.44294 0.0226946 0.0093476 0.647886
0 0.472891 0.576917 0.018259 0.0128072 0.647861
0 0.969608 0.955784 0.0380507 0.0280716 0.645559
0 0.536683 0.850387 0.208539 0.105884 0.645038
0 0.790033 0.938468 0.037454 0.0281765 0.642817
0 0.170252 0.504639 0.0428047 0.0198198 0.641074
0 0.422354 0.960514 0.0554014 0.0337896 0.637082
0 0.475538 0.720045 0.0372256 0.022111 0.633523
0 0.252348 0.910462 0.0412352 0.0203533 0.633348
0 0.968764 0.528769 0.0231797 0.0174456 0.631092
0 0.878258 0.737845 0.118117 0.114446 0.62645
0 0.859264 0.909511 0.108431 0.0885163 0.626023
0 0.350201 0.691494 0.0281924 0.0197544 0.624876
0 0.744308 0.88572 0.0540037 0.0231022 0.623039
0 0.513279 0.480831 0.0330026 0.0237408 0.621503
0 0.832782 0.567345 0.0618963 0.0321136 0.61398
0 0.982128 0.712295 0.0354768 0.0330061 0.613262
0 0.0596876 0.73983 0.0251392 0.0241545 0.609667
0 0.885381 0.546353 0.022456 0.0190054 0.607034
0 0.961349 0.465787 0.0341869 0.0135273 0.605717
0 0.858394 0.595285 0.0304037 0.0151899 0.602653
0 0.623839 0.479829 0.027657 0.0124517 0.599073
0 0.0521105 0.529504 0.0527581 0.0184003 0.59507
0 0.375884 0.71073 0.0805802 0.0304335 0.593867
0 0.89114 0.432181 0.032899 0.0121748 0.582288
0 0.767507 0.903083 0.0419488 0.0181496 0.57755
0 0.273146 0.619939 0.0236005 0.00921382 0.577011
0 0.288511 0.89516 0.0197363 0.017368 0.576527
0 0.681429 0.451609 0.034447 0.020509 0.574109
0 0.902726 0.619385 0.0840454 0.0292099 0.571044
0 0.242347 0.694902 0.0241489 0.0113617 0.568343
0 0.525832 0.654028 0.0354337 0.0125037 0.560331
0 0.888624 0.410505 0.035448 0.0134796 0.555943
0 0.461697 0.701112 0.0264573 0.0190979 0.554508
0 0.21907 0.890326 0.0720485 0.0274855 0.551662
0 0.479753 0.803898 0.0365894 0.0248122 0.549459
0 0.5024 0.755476 0.040037 0.015974 0.547083
0 0.176157 0.936492 0.0335586 0.0209848 0.545388
0 0.942467 0.718679 0.040249 0.0293791 0.542404
0 0.822082 0.742193 0.0388736 0.0223479 0.53011
0 0.946538 0.875022 0.0750853 0.0402261 0.529788
0 0.75207 0.697386 0.020052 0.00991591 0.520682
0 0.80393 0.554459 0.0347629 0.0211345 0.513803
0 0.238369 0.773149 0.0278268 0.0151814 0.509603
0 0.847847 0.496065 0.0424241 0.0335256 0.504936
0 0.942504 0.446288 0.0290238 0.00897805 0.504806
0 0.563167 0.967193 0.0588897 0.0329613 0.502826
0 0.610914 0.909302 0.0322707 0.0277346 0.501492
0 0.574367 0.908017 0.0421835 0.0254768 0.501331
0 0.55434 0.759127 0.0253845 0.0109057 0.500116
0 0.0609397 0.704351 0.0295027 0.0245816 0.497994
0 0.148543 0.45778 0.0726489 0.016745 0.496398
0 0.797386 0.438296 0.018557 0.0144096 0.494208
0 0.103165 0.701931 0.0218417 0.0122637 0.493569
0 0.817342 0.455953 0.0209869 0.00833153 0.492826
0 0.50589 0.855102 0.145398 0.0970766 0.489889
0 0.0567987 0.916115 0.033633 0.0234467 0.486787
0 0.601495 0.88179 0.0912532 0.0306408 0.482638
0 0.694844 0.639925 0.0374205 0.0236106 0.470678
0 0.0532499 0.889087 0.1065 0.0306861 0.468775
0 0.723872 0.667212 0.121757 0.0666489 0.467893
0 0.105736 0.578945 0.038017 0.0223076 0.46376
0 0.745164 0.373678 0.0298693 0.0121423 0.462709
0 0.5659 0.94055 0.0288498 0.0242666 0.451162
0 0.927628 0.411902 0.025903 0.0135078 0.450248
0 0.579286 0.744195 0.0206023 0.0139698 0.450029
0 0.0505408 0.446866 0.0324009 0.0138706 0.449019
0 0.178773 0.699811 0.0344763 0.0212827 0.448993
0 0.964052 0.67059 0.0642318 0.0533255 0.448223
0 0.108682 0.516413 0.0226744 0.016523 0.443914
0 0.420521 0.805392 0.0174258 0.0125574 0.433727
0 0.852155 0.470828 0.0456556 0.0154671 0.430184
0 0.256197 0.943127 0.0604403 0.042921 0.429279
0 0.970304 0.612628 0.0525003 0.0578603 0.428518
0 0.176558 0.58421 0.0201004 0.0113035 0.427186
0 0.439953 0.499912 0.0287647 0.0194494 0.427084
0 0.348474 0.924229 0.0358378 0.0140515 0.422699
0 0.685298 0.505722 0.0215214 0.0113637 0.421053
0 0.911992 0.59808 0.0238203 0.016808 0.420898
0 0.117202 0.572809 0.0611645 0.0341113 0.418424
0 0.788454 0.417857 0.0364658 0.0190545 0.413501
0 0.620951 0.635503 0.047145 0.033176 0.406229
0 0.174978 0.704021 0.0257902 0.0121556 0.399525
0 0.45315 0.448222 0.0239514 0.0110951 0.398767
0 0.826153 0.377109 0.0299995 0.0118721 0.398281
0 0.384489 0.620803 0.0357686 0.0302928 0.396819
0 0.782742 0.526638 0.0383118 0.0111991 0.387024
0 0.982733 0.440487 0.0163742 0.00958596 0.384768
0 0.504652 0.392912 0.0273279 0.0199356 0.383881
0 0.418204 0.831485 0.0174187 0.0110504 0.381038
0 0.122674 0.933846 0.0788424 0.0459163 0.377562
0 0.180289 0.696151 0.0303808 0.014921 0.366933
0 0.340437 0.754614 0.0687412 0.057861 0.365568
0 0.422074 0.764974 0.0203362 0.0108866 0.35736
0 0.629092 0.605561 0.0237355 0.0158732 0.356093
0 0.448434 0.805019 0.0347776 0.0187184 0.355565
0 0.00999776 0.652916 0.0179323 0.00873793 0.354152
0 0.792022 0.745555 0.0236258 0.0152723 0.352715
0 0.933758 0.691819 0.0342226 0.0230565 0.347785
0 0.452847 0.826041 0.0349139 0.0154295 0.343903
0 0.895373 0.859916 0.0282341 0.0112469 0.340877
0 0.0641762 0.70191 0.0240966 0.01891 0.337997
0 0.650605 0.548683 0.0231391 0.0127564 0.336665
0 0.59354 0.568922 0.0248676 0.0104593 0.336526
0 0.298226 0.473437 0.0286481 0.0149868 0.333562
0 0.683893 0.764825 0.032411 0.0110161 0.332361
0 0.54789 0.467408 0.0171394 0.0091404 0.328628
0 0.380085 0.647951 0.0369506 0.0123624 0.319932
0 0.755944 0.76691 0.0755762 0.0585199 0.317563
0 0.500713 0.457371 0.0353334 0.0160412 0.302565
0 0.512592 0.82376 0.034947 0.0291243 0.301691
0 0.144043 0.830268 0.024304 0.0102619 0.301654
0 0.0901271 0.559308 0.0342367 0.0424005 0.297895
0 0.620259 0.55538 0.0117138 0.00707045 0.296564
0 0.922787 0.512162 0.0488208 0.0122124 0.295614
0 0.450538 0.807845 0.0396274 0.025148 0.28224
0 0.114551 0.827364 0.0232133 0.00923937 0.280194
0 0.133689 0.518018 0.0144479 0.0143849 0.278438
0 0.542631 0.73873 0.0247148 0.0152803 0.27735
0 0.0737369 0.890093 0.0645256 0.027248 0.270455
0 0.487016 0.940615 0.0168745 0.00805239 0.269175
0 0.46216 0.396048 0.0175643 0.017951 0.267124
0 0.593541 0.928949 0.0286964 0.00961625 0.266675
0 0.71484 0.819332 0.0278976 0.0197902 0.259292
0 0.148968 0.452908 0.0728338 0.0254164 0.252424
0 0.606778 0.508368 0.0226218 0.0124683 0.25242
0 0.460149 0.684581 0.0180857 0.00940113 0.251474
