0 0.823026 0.794076 0.0552856 0.0352627 0.875795
0 0.773236 0.846677 0.0392818 0.0227847 0.866749
0 0.54114 0.831638 0.0639617 0.0459255 0.863787
0 0.329244 0.782464 0.0433226 0.0189036 0.853196
0 0.647769 0.846949 0.0497228 0.0277122 0.848113
0 0.700691 0.742629 0.049979 0.0238077 0.844687
0 0.405538 0.744657 0.0460406 0.0206745 0.834945
0 0.910147 0.755949 0.0564848 0.0217636 0.797826
0 0.898064 0.833267 0.0548747 0.0196929 0.76428
0 0.962499 0.763804 0.0289982 0.0152289 0.745253
0 0.482698 0.782456 0.0577307 0.0144414 0.745088
0 0.5008 0.872501 0.0334364 0.0165206 0.727007
0 0.475755 0.838548 0.0255141 0.0137398 0.706186
0 0.722254 0.850738 0.0544797 0.0276123 0.698842
0 0.0524432 0.67561 0.0379369 0.0146023 0.69604
0 0.781181 0.710521 0.0274229 0.0143721 0.694664
0 0.603055 0.800211 0.0291613 0.0190846 0.681667
0 0.288109 0.71953 0.0278175 0.0110136 0.677581
0 0.221771 0.790847 0.0228495 0.0109423 0.660579
0 0.368953 0.694027 0.0261774 0.00876329 0.592974
0 0.187093 0.737351 0.0270763 0.00965676 0.568885
0 0.853673 0.667267 0.0205079 0.0103325 0.549546
0 0.557594 0.876018 0.0730862 0.0293155 0.53713
0 0.947641 0.631773 0.0237496 0.0141656 0.519657
0 0.448352 0.747562 0.018478 0.0109222 0.505697
0 0.622183 0.595209 0.0296927 0.00931853 0.487452
0 0.127125 0.603363 0.0223613 0.00839062 0.432809
0 0.343735 0.567446 0.0181265 0.0105238 0.373412
0 0.437786 0.84484 0.019011 0.0115047 0.326648
0 0.79283 0.5783 0.0259336 0.0117506 0.324326
0 0.103476 0.631745 0.0206644 0.00742866 0.318986
0 0.399965 0.688111 0.0200943 0.00820597 0.291517
0 0.479566 0.531557 0.0231446 0.0115757 0.274654
0 0.316118 0.652236 0.0158272 0.00927599 0.264702
