0 0.857499 0.804205 0.0499333 0.0237841 0.830625
0 0.281936 0.862137 0.0451684 0.0214053 0.710789
0 0.107454 0.768876 0.0338449 0.0102456 0.706986
0 0.484681 0.672114 0.0295453 0.0122634 0.702238
0 0.646338 0.781325 0.0387531 0.0115334 0.6956
0 0.065588 0.683574 0.0253612 0.0174453 0.688979
0 0.21065 0.749505 0.0320985 0.015894 0.688911
0 0.761324 0.865874 0.0602156 0.0189175 0.674375
0 0.972401 0.803147 0.0344789 0.0172579 0.666796
0 0.416993 0.629756 0.0314504 0.0101263 0.642693
0 0.666028 0.728937 0.039191 0.0145719 0.628594
0 0.783458 0.786833 0.0238129 0.00971662 0.606246
0 0.308086 0.768324 0.0235079 0.0132635 0.594885
0 0.983805 0.674993 0.0289147 0.0146 0.584337
0 0.459126 0.867333 0.0258121 0.018706 0.570374
0 0.954098 0.81296 0.0318795 0.026356 0.565144
0 0.377599 0.867232 0.0246087 0.00872351 0.552428
0 0.0433929 0.61206 0.0234976 0.00943567 0.547167
0 0.738448 0.684324 0.0259665 0.0114982 0.546774
0 0.286046 0.780813 0.0216405 0.00947853 0.46615
0 0.881831 0.735727 0.0238048 0.0110392 0.466124
0 0.152755 0.646871 0.02304 0.00841083 0.462202
0 0.560475 0.548634 0.0290516 0.0147763 0.457538
0 0.100772 0.584348 0.0217353 0.00849198 0.44734
0 0.121198 0.646509 0.0154259 0.0101425 0.392695
0 0.569376 0.693317 0.0182652 0.00828442 0.37353
0 0.851077 0.670958 0.0185642 0.00982399 0.369098
0 0.131671 0.852792 0.0227581 0.00979763 0.273701
0 0.41759 0.650832 0.0180753 0.012641 0.265491
0 0.204345 0.605379 0.0175569 0.0063576 0.258147
0 0.361738 0.833675 0.0208108 0.0100223 0.250699
