0 0.128063 0.472759 0.207632 0.0501751 0.932324
0 0.582534 0.713317 0.153321 0.0666126 0.923156
0 0.229309 0.564626 0.185481 0.102467 0.916056
0 0.524985 0.654148 0.148124 0.0765728 0.911195
0 0.43304 0.520214 0.160767 0.0698538 0.910373
0 0.619412 0.559644 0.196635 0.0721359 0.906316
0 0.64092 0.81158 0.0823811 0.0606396 0.904523
0 0.587934 0.493052 0.158966 0.0639034 0.897906
0 0.825789 0.539442 0.158595 0.0534873 0.892736
0 0.498753 0.804816 0.0782027 0.0561341 0.891863
0 0.510672 0.749512 0.071135 0.0622571 0.888284
0 0.0702634 0.776442 0.122748 0.0849495 0.885123
0 0.763517 0.592531 0.186672 0.0624395 0.881172
0 0.556955 0.84172 0.0574523 0.071414 0.869249
0 0.357997 0.572257 0.136258 0.0399109 0.862516
0 0.595568 0.769118 0.0515289 0.0333674 0.860868
0 0.687332 0.507007 0.0671517 0.0377327 0.855299
0 0.902155 0.478318 0.0658659 0.0413198 0.85371
0 0.659372 0.662245 0.130889 0.0512205 0.852389
0 0.705 0.751933 0.138606 0.101234 0.849585
0 0.715449 0.834115 0.084997 0.0664475 0.849232
0 0.708016 0.468217 0.0814004 0.0415668 0.846087
0 0.0705629 0.633746 0.0567577 0.0379417 0.838567
0 0.0563274 0.558413 0.055425 0.042075 0.83491
0 0.296824 0.908853 0.0483915 0.0515188 0.833759
0 0.486375 0.603802 0.0759246 0.0324354 0.83324
0 0.758763 0.667825 0.0534268 0.0311867 0.832669
0 0.829946 0.48862 0.0443762 0.0199333 0.821481
0 0.308662 0.860238 0.0852853 0.0352518 0.819053
0 0.13802 0.637614 0.0901719 0.0449286 0.811932
0 0.618959 0.891495 0.0696962 0.0564412 0.808465
0 0.310719 0.807442 0.0447103 0.0329495 0.800496
0 0.462981 0.442625 0.0697544 0.017123 0.796367
0 0.0271645 0.534393 0.0528028 0.0319877 0.792454
0 0.94795 0.507353 0.101192 0.0406719 0.787172
0 0.378728 0.845951 0.046409 0.0458267 0.783916
0 0.358362 0.906148 0.0671992 0.0212808 0.774502
0 0.814394 0.674791 0.0554337 0.0176748 0.773464
0 0.0306959 0.819424 0.0561576 0.0218628 0.769297
0 0.852489 0.717265 0.110539 0.0684881 0.768575
0 0.443851 0.815288 0.034441 0.0258731 0.76601
0 0.410463 0.62339 0.0468027 0.0168905 0.76361
0 0.741781 0.53316 0.0406554 0.0282218 0.762451
0 0.803301 0.781406 0.128284 0.0695465 0.759551
0 0.460412 0.876842 0.14096 0.0978755 0.751779
0 0.519043 0.391628 0.0508944 0.0258538 0.75032
0 0.908052 0.564655 0.0289239 0.0200356 0.749967
0 0.444958 0.585492 0.0427767 0.0254986 0.734216
0 0.972647 0.370372 0.0541169 0.0416507 0.730698
0 0.890596 0.596706 0.067927 0.0319916 0.727406
0 0.361153 0.621861 0.0504982 0.0194784 0.718232
0 0.681477 0.894921 0.0685436 0.046223 0.71518
0 0.969297 0.457354 0.0594945 0.0224943 0.714655
0 0.734684 0.894338 0.0626649 0.0584067 0.700664
0 0.954487 0.544108 0.05859 0.0226176 0.696414
0 0.271038 0.694599 0.407078 0.147591 0.686104
0 0.253976 0.831363 0.133533 0.032781 0.677272
0 0.112646 0.516 0.0263967 0.0112513 0.667662
0 0.0197245 0.592016 0.0390023 0.016039 0.666709
0 0.425625 0.477241 0.032422 0.0154937 0.66186
0 0.184161 0.778617 0.0696875 0.0412156 0.641209
0 0.466342 0.418795 0.0294238 0.012618 0.64027
0 0.956168 0.781529 0.0467282 0.0547565 0.628169
0 0.869969 0.364815 0.0334515 0.0130971 0.61845
0 0.352289 0.476958 0.0562744 0.0143291 0.617857
0 0.581484 0.609521 0.0416586 0.024188 0.611005
0 0.329386 0.545714 0.0259695 0.0169629 0.606389
0 0.201632 0.893391 0.144451 0.112844 0.58318
0 0.962982 0.566859 0.0275688 0.0124481 0.565037
0 0.16021 0.80889 0.0604675 0.0532661 0.561714
0 0.766637 0.486513 0.0238758 0.0150473 0.55389
0 0.814671 0.463227 0.0269421 0.00958166 0.546056
0 0.281956 0.77414 0.050509 0.0188003 0.535574
0 0.653472 0.696806 0.0227311 0.0158651 0.53116
0 0.0643766 0.516808 0.0228252 0.0151791 0.525929
0 0.983086 0.603114 0.0337298 0.0260132 0.521285
0 0.0815 0.504706 0.0216561 0.0122358 0.519855
0 0.375372 0.793033 0.0543993 0.0189924 0.513467
0 0.291012 0.601037 0.0242473 0.0129116 0.507014
0 0.860724 0.757254 0.0349792 0.0198546 0.489178
0 0.82569 0.372527 0.0265612 0.0111264 0.477556
0 0.664649 0.929805 0.0252525 0.0116205 0.475139
0 0.413332 0.797737 0.027699 0.020312 0.461544
0 0.907366 0.756652 0.0476517 0.0458146 0.452669
0 0.708432 0.695229 0.0316578 0.0130584 0.447366
0 0.353534 0.756212 0.0246597 0.0110253 0.446685
0 0.385016 0.64026 0.0256834 0.0223635 0.422991
0 0.283252 0.770026 0.053342 0.0271172 0.421325
0 0.337527 0.783554 0.0412529 0.0224711 0.383583
0 0.156963 0.892064 0.234013 0.113337 0.357421
0 0.159593 0.527058 0.0179126 0.0138149 0.350785
0 0.624986 0.528145 0.0287789 0.0156969 0.344028
0 0.916587 0.311548 0.0364773 0.0115604 0.343718
0 0.873907 0.808564 0.142834 0.07104 0.341732
0 0.691711 0.394956 0.0228451 0.0110438 0.338056
0 0.77046 0.354765 0.0227072 0.0198709 0.330488
0 0.938851 0.843298 0.0609246 0.0409001 0.325447
0 0.761892 0.913138 0.0229249 0.0131997 0.317036
0 0.253494 0.648628 0.111716 0.0503961 0.299582
0 0.680851 0.339115 0.0233047 0.0110748 0.275281
0 0.863785 0.867455 0.187845 0.183899 0.275141
0 0.382035 0.432697 0.0236611 0.0113529 0.259217
0 0.889917 0.671157 0.032042 0.0225632 0.25866
0 0.442242 0.642887 0.0140378 0.0102333 0.2575
0 0.119895 0.823412 0.143192 0.0837676 0.255538
0 0.0400706 0.671141 0.0332992 0.0275038 0.251923
