0 0.626332 0.741208 0.129551 0.0534674 0.918346
0 0.443911 0.84892 0.100618 0.0438389 0.896992
0 0.152916 0.831989 0.080037 0.0488392 0.891982
0 0.669577 0.809557 0.108606 0.034722 0.891773
0 0.255299 0.796112 0.118296 0.0419549 0.890661
0 0.754475 0.75993 0.0953675 0.0357536 0.885718
0 0.30684 0.756215 0.0745945 0.0211084 0.859009
0 0.573575 0.781861 0.0938538 0.0411325 0.855251
0 0.962679 0.786222 0.0665094 0.0355216 0.846927
0 0.261616 0.722221 0.0607657 0.027335 0.837699
0 0.745152 0.716675 0.0577429 0.0261527 0.832037
0 0.905186 0.761475 0.0625432 0.027345 0.831984
0 0.495739 0.707559 0.0452463 0.0164804 0.83189
0 0.227153 0.61867 0.0478243 0.0173348 0.831494
0 0.817486 0.763056 0.041509 0.0194666 0.826389
0 0.585837 0.861924 0.0490745 0.0269153 0.825599
0 0.334653 0.7326 0.0315271 0.0157311 0.825051
0 0.340443 0.837693 0.0597724 0.024375 0.818574
0 0.332772 0.667847 0.0290696 0.020458 0.808806
0 0.413636 0.538974 0.06372 0.0309608 0.80627
0 0.939004 0.826182 0.040282 0.0180809 0.791528
0 0.523263 0.683086 0.0567223 0.0237034 0.789528
0 0.832256 0.656276 0.031859 0.0141907 0.733371
0 0.438517 0.731635 0.0420453 0.0146828 0.684834
0 0.433934 0.590852 0.0263763 0.0184502 0.683525
0 0.381934 0.836961 0.0184348 0.0193756 0.682165
0 0.180328 0.729432 0.0243028 0.00882799 0.650864
0 0.67318 0.582967 0.0348598 0.0151496 0.591927
0 0.956405 0.730094 0.0544269 0.0329987 0.586063
0 0.0627796 0.759631 0.0207771 0.0140598 0.585033
0 0.972307 0.656006 0.0533456 0.0250651 0.578201
0 0.0474182 0.656537 0.0270814 0.00833948 0.575061
0 0.478925 0.80223 0.0240586 0.0154228 0.567377
0 0.887434 0.841426 0.0462357 0.030027 0.560209
0 0.0627074 0.689099 0.0245198 0.0111188 0.510789
0 0.62413 0.568387 0.0268665 0.0116209 0.506829
0 0.036217 0.720666 0.0238026 0.0106704 0.505107
0 0.664496 0.854682 0.0615976 0.0202915 0.491405
0 0.295611 0.588413 0.0470585 0.0187018 0.489427
0 0.966282 0.638721 0.0306785 0.0155409 0.477752
0 0.75622 0.592924 0.0249034 0.0112036 0.456449
0 0.0902003 0.530435 0.022611 0.011405 0.435347
0 0.281493 0.691029 0.0245928 0.0120087 0.432422
0 0.398244 0.647477 0.024999 0.00964536 0.428815
0 0.166697 0.861706 0.0212409 0.00993996 0.42116
0 0.92298 0.749108 0.0237525 0.0137295 0.418709
0 0.0189294 0.491529 0.0367751 0.0299991 0.412548
0 0.0934879 0.311405 0.0194214 0.0137441 0.406843
0 0.605367 0.541676 0.0257135 0.0188566 0.394753
0 0.528817 0.577115 0.035314 0.0136356 0.391694
0 0.0134992 0.765037 0.0266515 0.015712 0.378665
0 0.438481 0.723322 0.035594 0.0208794 0.375361
0 0.101719 0.666007 0.0210821 0.0079395 0.371309
0 0.913576 0.591933 0.024204 0.00800573 0.361007
0 0.139724 0.495674 0.0257687 0.0127434 0.354435
0 0.0378694 0.58645 0.0199383 0.00760227 0.351425
0 0.727231 0.841159 0.0166917 0.0118202 0.349948
0 0.281033 0.647765 0.019429 0.0127951 0.341847
0 0.53941 0.612752 0.0374126 0.0120536 0.332784
0 0.0139253 0.759382 0.0254698 0.0245684 0.305643
0 0.673087 0.854154 0.0834696 0.0225364 0.305315
0 0.823461 0.543311 0.0229127 0.0131906 0.304519
0 0.314969 0.595855 0.0195451 0.00894793 0.290465
0 0.39152 0.684857 0.0153657 0.00663633 0.285207
0 0.93856 0.846148 0.0483107 0.0218 0.258649
