0 0.39547 0.9166 0.130904 0.108222 0.959388
0 0.84502 0.668599 0.130516 0.0421577 0.929807
0 0.568274 0.865245 0.0633769 0.0572578 0.917494
0 0.528836 0.949708 0.179735 0.0778999 0.912826
0 0.945731 0.868909 0.0981982 0.0802229 0.912695
0 0.616768 0.684769 0.100835 0.0591495 0.911324
0 0.476843 0.755475 0.0756147 0.117477 0.899804
0 0.15192 0.682683 0.0983767 0.0453348 0.895997
0 0.830446 0.833718 0.0750779 0.0706047 0.877409
0 0.684 0.854774 0.154313 0.0543289 0.877335
0 0.261595 0.758713 0.0685781 0.0433025 0.8672
0 0.49967 0.677732 0.0757663 0.0343632 0.866268
0 0.287514 0.633559 0.108722 0.0351638 0.865354
0 0.730792 0.740838 0.214568 0.0765564 0.86389
0 0.287839 0.905572 0.0944752 0.0705788 0.863864
0 0.195967 0.730306 0.0886925 0.0372896 0.859613
0 0.36732 0.744358 0.161673 0.0891832 0.857918
0 0.828497 0.553263 0.0521273 0.0251848 0.841138
0 0.723479 0.909801 0.115299 0.043989 0.840037
0 0.922936 0.707149 0.037707 0.0289119 0.833698
0 0.0252651 0.684532 0.0426299 0.0281715 0.83137
0 0.580085 0.771903 0.0658899 0.0269551 0.827813
0 0.964486 0.714829 0.0453717 0.0181734 0.820377
0 0.801648 0.953451 0.0444842 0.0203632 0.818444
0 0.798941 0.924035 0.0372627 0.0299986 0.816043
0 0.661086 0.613755 0.113435 0.0465608 0.815796
0 0.861098 0.701507 0.0513053 0.0215283 0.815385
0 0.355275 0.60015 0.0426087 0.020426 0.814064
0 0.0404505 0.786752 0.0431169 0.0329348 0.809452
0 0.667432 0.798369 0.0436914 0.0283985 0.809157
0 0.158829 0.626488 0.0341004 0.0197287 0.797182
0 0.688604 0.694072 0.040008 0.0209123 0.794228
0 0.361333 0.543463 0.053543 0.0184147 0.792863
0 0.16496 0.555431 0.0324555 0.0181294 0.792418
0 0.923607 0.95395 0.085155 0.0508222 0.788324
0 0.122636 0.787195 0.0968996 0.0381822 0.784356
0 0.161653 0.826338 0.057889 0.0180494 0.781528
0 0.299055 0.555456 0.0295704 0.0172075 0.773091
0 0.895473 0.798581 0.0383039 0.0370464 0.771513
0 0.93908 0.661682 0.0399823 0.0345039 0.76822
0 0.352831 0.62726 0.0244315 0.0158476 0.761609
0 0.412854 0.61628 0.0740389 0.0336891 0.75683
0 0.254509 0.826367 0.111799 0.049749 0.751532
0 0.860823 0.742232 0.0436566 0.0368439 0.751397
0 0.190321 0.527716 0.0295207 0.0138714 0.734242
0 0.445089 0.674229 0.0327339 0.0166062 0.733222
0 0.700181 0.579289 0.0437863 0.01518 0.732986
0 0.0216669 0.626572 0.0291607 0.0242693 0.730865
0 0.55791 0.640661 0.0266093 0.0166987 0.724057
0 0.155598 0.918374 0.1704 0.0861474 0.715639
0 0.829947 0.887818 0.0425202 0.0165988 0.71487
0 0.960004 0.598783 0.0629281 0.0275566 0.712442
0 0.0966949 0.704953 0.0930725 0.0436994 0.707404
0 0.885452 0.923487 0.0370914 0.0321392 0.700169
0 0.155589 0.847623 0.0279739 0.0173607 0.683158
0 0.266668 0.578046 0.0308592 0.0136117 0.662567
0 0.238084 0.538759 0.0330532 0.0143303 0.617362
0 0.0878165 0.636384 0.0219927 0.0222438 0.612366
0 0.750636 0.646626 0.0692618 0.0394345 0.605742
0 0.970652 0.817015 0.0548496 0.0362314 0.601712
0 0.646998 0.897479 0.0332698 0.0269715 0.568117
0 0.661555 0.964919 0.0358078 0.0187163 0.566581
0 0.598749 0.592298 0.0202026 0.0179652 0.562533
0 0.207882 0.503194 0.0242348 0.0114235 0.552423
0 0.420218 0.685449 0.0274642 0.0144792 0.546239
0 0.0700093 0.741172 0.0239397 0.0115398 0.542846
0 0.925313 0.919305 0.0192402 0.0141815 0.526908
0 0.0317177 0.545918 0.0201191 0.0124157 0.515598
0 0.798345 0.507652 0.0241312 0.0102658 0.514206
0 0.637858 0.459563 0.0185725 0.0118973 0.509385
0 0.489627 0.845961 0.0456616 0.0155915 0.507754
0 0.0936478 0.586043 0.0208676 0.0111862 0.500705
0 0.631394 0.580621 0.0220303 0.0157932 0.498501
0 0.349229 0.864842 0.0165203 0.0177217 0.466533
0 0.0743848 0.853284 0.140476 0.0884475 0.461358
0 0.188524 0.956374 0.0713613 0.0261829 0.449682
0 0.422381 0.587313 0.0658746 0.0317812 0.447278
0 0.903783 0.595528 0.0229478 0.00981576 0.446099
0 0.7045 0.642276 0.0347215 0.0219306 0.446086
0 0.238397 0.991604 0.0749093 0.0167914 0.439023
0 0.971534 0.772141 0.0532496 0.0420811 0.43611
0 0.0432888 0.508116 0.0235921 0.0153498 0.434657
0 0.0954447 0.543439 0.0317494 0.0177139 0.431969
0 0.845306 0.981085 0.0832723 0.0378309 0.420186
0 0.0975805 0.550123 0.0506897 0.0318783 0.419975
0 0.734179 0.994328 0.0406511 0.0108548 0.419018
0 0.82794 0.926659 0.0204075 0.0191063 0.412999
0 0.407612 0.669502 0.0182649 0.00736428 0.412101
0 0.732224 0.786455 0.0195948 0.0149517 0.411365
0 0.0551958 0.371463 0.0255542 0.00889472 0.408603
0 0.0336126 0.454561 0.0264993 0.00865058 0.394175
0 0.783033 0.535475 0.031157 0.0171043 0.391598
0 0.0976872 0.558028 0.0552917 0.0144151 0.390273
0 0.781978 0.537401 0.0267698 0.0132303 0.384477
0 0.0801417 0.783785 0.0449563 0.0260558 0.382759
0 0.0977476 0.555575 0.0521392 0.0162884 0.359557
0 0.415208 0.591391 0.0487081 0.0243628 0.358326
0 0.221829 0.680586 0.020646 0.0194829 0.349726
0 0.388668 0.65734 0.0193206 0.00869294 0.333643
0 0.219766 0.565652 0.0159034 0.00957126 0.331965
0 0.0144078 0.643956 0.0184117 0.00777665 0.317622
0 0.979935 0.662212 0.0401301 0.0578285 0.312429
0 0.749909 0.807635 0.0248658 0.0171442 0.294641
0 0.428706 0.584802 0.0535451 0.0263384 0.293146
0 0.436159 0.578665 0.0380138 0.0145294 0.280686
0 0.0726097 0.698734 0.0438248 0.0311438 0.275106
0 0.775154 0.790264 0.0222338 0.00867151 0.269025
0 0.831114 0.482538 0.0202821 0.0119093 0.260891
0 0.641651 0.897568 0.0452914 0.0296474 0.257819
