0 0.473658 0.55081 0.0679105 0.0410302 0.887497
0 0.907273 0.820005 0.131459 0.0734051 0.886538
0 0.68323 0.592157 0.10792 0.0502056 0.877809
0 0.672873 0.920489 0.0483587 0.0215679 0.874567
0 0.193016 0.678762 0.0778779 0.0485056 0.874284
0 0.334666 0.673784 0.104706 0.0532341 0.854052
0 0.115738 0.665628 0.0761248 0.0648098 0.853491
0 0.253189 0.634192 0.0891439 0.0388075 0.849982
0 0.728694 0.670399 0.0265296 0.0236706 0.84309
0 0.654804 0.55608 0.0495335 0.039123 0.839424
0 0.722458 0.468064 0.0507201 0.0171795 0.836981
0 0.210365 0.773931 0.0883408 0.0355992 0.834591
0 0.250633 0.729519 0.225911 0.0611068 0.832066
0 0.517051 0.683874 0.0746526 0.0294626 0.831541
0 0.152114 0.598367 0.0540026 0.0428539 0.826034
0 0.0472988 0.808296 0.0667164 0.0655884 0.825151
0 0.22139 0.555272 0.0265868 0.019702 0.822722
0 0.753938 0.786051 0.122359 0.0554203 0.819336
0 0.592006 0.449892 0.0421653 0.0216753 0.817784
0 0.804429 0.723143 0.210119 0.0661036 0.816615
0 0.0783757 0.632076 0.0451466 0.0161234 0.815659
0 0.332959 0.482294 0.0429886 0.0149306 0.814317
0 0.323354 0.610511 0.0440807 0.0144797 0.814213
0 0.443425 0.77883 0.069265 0.0375065 0.805939
0 0.799423 0.58336 0.118118 0.0543743 0.805684
0 0.885191 0.767417 0.0722073 0.0278644 0.804049
0 0.432986 0.479119 0.0374697 0.0136464 0.803088
0 0.430545 0.530891 0.0490862 0.0168039 0.801784
0 0.507293 0.860647 0.139812 0.0785812 0.800434
0 0.363335 0.578595 0.112454 0.0281534 0.795644
0 0.755167 0.509694 0.0315276 0.0140371 0.792463
0 0.203823 0.597007 0.032312 0.0306248 0.791308
0 0.140137 0.565773 0.0242753 0.0176594 0.791021
0 0.52555 0.521427 0.0378159 0.022077 0.790121
0 0.745723 0.416648 0.050533 0.0163492 0.789691
0 0.614877 0.525718 0.0585192 0.0204291 0.787863
0 0.145115 0.707538 0.0329257 0.014426 0.780928
0 0.423637 0.696194 0.0626569 0.027454 0.780452
0 0.111373 0.604973 0.0354317 0.0234831 0.777997
0 0.829979 0.428932 0.0413777 0.0262862 0.776284
0 0.958593 0.435187 0.0302174 0.0189188 0.776116
0 0.240769 0.5861 0.0416379 0.0279736 0.775184
0 0.538125 0.496908 0.0415456 0.0197525 0.775078
0 0.901584 0.550554 0.0408244 0.0350387 0.770292
0 0.663435 0.821797 0.0894303 0.028007 0.769228
0 0.633282 0.774698 0.0648089 0.0520479 0.76903
0 0.0482842 0.607319 0.0549226 0.0235167 0.766494
0 0.650256 0.454329 0.0373018 0.0117512 0.765012
0 0.5355 0.542779 0.0295995 0.0167335 0.76282
0 0.0633237 0.727249 0.0280852 0.0153 0.762101
0 0.768759 0.654018 0.0616396 0.0560701 0.757117
0 0.578433 0.714765 0.045857 0.0425619 0.756456
0 0.695597 0.764166 0.0429018 0.02512 0.7552
0 0.689193 0.505223 0.0296532 0.0212225 0.753009
0 0.443261 0.641043 0.117887 0.0769423 0.752179
0 0.0780669 0.572581 0.0312156 0.0152254 0.751907
0 0.155022 0.637548 0.0645471 0.0355846 0.743487
0 0.566383 0.468999 0.030191 0.0181095 0.743122
0 0.0387533 0.66801 0.0304412 0.022591 0.741845
0 0.863865 0.534943 0.0757839 0.0782373 0.741405
0 0.123988 0.880603 0.0776297 0.0565905 0.741076
0 0.555496 0.703736 0.0466281 0.0252882 0.739668
0 0.666715 0.741881 0.0544033 0.0157948 0.736267
0 0.700926 0.54161 0.0306389 0.0133831 0.735937
0 0.352157 0.642637 0.0239732 0.0120879 0.727443
0 0.71683 0.519824 0.0262543 0.0221441 0.721922
0 0.782933 0.541716 0.0317623 0.0313192 0.715115
0 0.256971 0.682631 0.055759 0.0320587 0.713211
0 0.271495 0.501901 0.0254956 0.0215318 0.712973
0 0.922474 0.490593 0.0759781 0.0238939 0.711773
0 0.466986 0.496667 0.0720253 0.0297024 0.710819
0 0.624147 0.690766 0.058236 0.0614844 0.710626
0 0.62304 0.732765 0.026215 0.0168656 0.709133
0 0.607687 0.560947 0.0414791 0.0190058 0.708592
0 0.537754 0.582126 0.0796208 0.0345541 0.707892
0 0.411818 0.824445 0.088297 0.0790323 0.706745
0 0.607581 0.58458 0.0242788 0.0113355 0.70614
0 0.608976 0.891039 0.0640253 0.0299921 0.703881
0 0.344088 0.748469 0.174922 0.0607584 0.70319
0 0.23767 0.494941 0.0316066 0.00853538 0.69368
0 0.643072 0.432905 0.0272574 0.0167178 0.692218
0 0.111528 0.566043 0.0288555 0.0217542 0.69181
0 0.869252 0.415979 0.0298384 0.0155716 0.69066
0 0.372025 0.552438 0.0747511 0.0293921 0.68543
0 0.805017 0.514918 0.066323 0.0336503 0.683605
0 0.539751 0.641109 0.0878393 0.0610212 0.677974
0 0.0447139 0.526347 0.0417025 0.0226525 0.677772
0 0.594029 0.542773 0.0280856 0.0175283 0.675332
0 0.870494 0.65825 0.147043 0.0867641 0.670892
0 0.11638 0.529787 0.0336497 0.0190796 0.670039
0 0.467031 0.920246 0.135152 0.0588577 0.666147
0 0.602243 0.621703 0.0600319 0.0440151 0.664122
0 0.845453 0.468931 0.0409796 0.028032 0.662064
0 0.758428 0.490778 0.0282594 0.0208887 0.659297
0 0.629507 0.805763 0.037439 0.0145748 0.658543
0 0.719094 0.438556 0.0355686 0.0210989 0.657347
0 0.904719 0.869277 0.0780181 0.0257818 0.655109
0 0.79246 0.62112 0.0256814 0.0156399 0.650099
0 0.1702 0.554841 0.0228612 0.0128228 0.642551
0 0.28513 0.560584 0.0454188 0.0450384 0.640128
0 0.0649641 0.541016 0.0314106 0.0219309 0.63507
0 0.0906703 0.754008 0.0506938 0.0490492 0.634936
0 0.487556 0.517243 0.0361902 0.0159354 0.62888
0 0.253133 0.538063 0.0472989 0.0127771 0.627445
0 0.547964 0.760307 0.124243 0.0509728 0.626822
0 0.623128 0.483335 0.0181157 0.0121659 0.625853
0 0.58658 0.840918 0.0893621 0.0712201 0.625701
0 0.0401038 0.558812 0.0364799 0.00978507 0.618553
0 0.271648 0.914638 0.0281746 0.0186592 0.616604
0 0.189578 0.639606 0.0261087 0.0179569 0.61578
0 0.632678 0.907599 0.0501245 0.0185447 0.613565
0 0.301886 0.890829 0.0322019 0.0257427 0.612374
0 0.486799 0.728046 0.10875 0.0480923 0.607841
0 0.283715 0.785742 0.0530945 0.0142739 0.596929
0 0.778005 0.696353 0.027189 0.0162196 0.587471
0 0.249977 0.897087 0.0675112 0.0307804 0.586989
0 0.342592 0.514169 0.0255201 0.017576 0.579546
0 0.192339 0.909642 0.0489762 0.0367428 0.566152
0 0.0239034 0.58177 0.0349995 0.0216021 0.557918
0 0.92629 0.424981 0.0370247 0.0138681 0.554557
0 0.0302645 0.626697 0.0273107 0.0223757 0.552932
0 0.424045 0.51845 0.0200973 0.00927228 0.547578
0 0.488302 0.811423 0.0615024 0.0582157 0.544871
0 0.590121 0.505078 0.0196616 0.00826122 0.54392
0 0.469072 0.591701 0.0262291 0.00823003 0.537238
0 0.200055 0.568381 0.0210072 0.0123261 0.528607
0 0.0159617 0.546048 0.0319233 0.0165609 0.527232
0 0.664127 0.880635 0.0829088 0.052199 0.525789
0 0.426704 0.457807 0.0352707 0.0229565 0.524388
0 0.807877 0.4735 0.0200277 0.0125701 0.521388
0 0.137604 0.47972 0.0236642 0.012075 0.516837
0 0.431749 0.592715 0.0183471 0.0140743 0.511846
0 0.84062 0.85535 0.124307 0.0921238 0.506035
0 0.262532 0.661895 0.0419029 0.014772 0.500498
0 0.635706 0.414424 0.027207 0.0132626 0.498264
0 0.676055 0.707532 0.0365576 0.0173135 0.494736
0 0.842924 0.696073 0.08325 0.0289269 0.489255
0 0.389084 0.713486 0.0231761 0.0149011 0.48377
0 0.216581 0.892193 0.0312243 0.0123638 0.481607
0 0.850523 0.500859 0.0516545 0.0174385 0.48128
0 0.306421 0.804901 0.0299552 0.0173466 0.478671
0 0.055508 0.712686 0.0245338 0.0118084 0.475446
0 0.55514 0.608992 0.0553178 0.0211929 0.47489
0 0.839324 0.500557 0.0297967 0.0164131 0.474404
0 0.441522 0.418169 0.0187741 0.0126045 0.47347
0 0.389427 0.513417 0.0162954 0.010911 0.46499
0 0.536554 0.479887 0.021184 0.0182766 0.463761
0 0.743875 0.557821 0.0330472 0.0118417 0.463153
0 0.745712 0.845704 0.097635 0.0747055 0.456954
0 0.0232918 0.701936 0.0465835 0.035137 0.456398
0 0.320694 0.551179 0.0214787 0.0114557 0.455909
0 0.580006 0.910148 0.0169511 0.0176945 0.45293
0 0.903728 0.394318 0.0383437 0.0133087 0.449423
0 0.0650726 0.489253 0.0406701 0.0249548 0.442461
0 0.344512 0.784459 0.0186844 0.0146266 0.442304
0 0.920597 0.639205 0.0452975 0.0278238 0.432665
0 0.804269 0.7517 0.0474703 0.0255844 0.430987
0 0.351256 0.907895 0.0884379 0.0359738 0.430175
0 0.122383 0.791417 0.0718468 0.0478085 0.42789
0 0.684201 0.705135 0.025134 0.0131777 0.427767
0 0.681576 0.434915 0.0150366 0.0122928 0.427514
0 0.551195 0.445884 0.0203571 0.0173133 0.418704
0 0.540894 0.805798 0.0437292 0.0225612 0.418638
0 0.746223 0.933728 0.0574643 0.0476788 0.4169
0 0.193721 0.550554 0.0187713 0.0163705 0.411975
0 0.215156 0.539509 0.0269031 0.0151836 0.411394
0 0.199563 0.862535 0.0903166 0.044595 0.410616
0 0.677646 0.724673 0.0345923 0.0125887 0.409009
0 0.669806 0.650696 0.0806992 0.0895533 0.40176
0 0.281464 0.577302 0.0418454 0.0239184 0.40038
0 0.0307046 0.618488 0.02862 0.00935714 0.399226
0 0.230574 0.452909 0.018342 0.0086546 0.395477
0 0.0696976 0.644392 0.020464 0.00716946 0.392874
0 0.809105 0.907593 0.0318544 0.0190674 0.383214
0 0.558554 0.426662 0.0316677 0.0159881 0.382153
0 0.555286 0.923545 0.0235363 0.0205943 0.379232
0 0.153881 0.829497 0.0597392 0.0491962 0.378587
0 0.31577 0.761531 0.113749 0.0360482 0.375331
0 0.255913 0.602611 0.0149142 0.0133846 0.373267
0 0.475092 0.47264 0.0230821 0.00938454 0.371114
0 0.622632 0.738373 0.0267203 0.0282103 0.370673
0 0.385566 0.453121 0.0211093 0.00784532 0.37066
0 0.775224 0.389234 0.019374 0.0113053 0.367277
0 0.954919 0.631896 0.0243779 0.0210848 0.366043
0 0.145314 0.908357 0.028747 0.00832095 0.365557
0 0.101618 0.819606 0.0244765 0.00921332 0.364108
0 0.743379 0.834613 0.0933234 0.0526424 0.363786
0 0.0889904 0.586407 0.0163711 0.00846327 0.36208
0 0.09132 0.737757 0.0482294 0.0162764 0.361004
0 0.217024 0.471691 0.073716 0.0296062 0.358049
0 0.417609 0.874165 0.0572734 0.0202248 0.357836
0 0.0771791 0.495793 0.0170323 0.0121053 0.356767
0 0.137474 0.81106 0.099582 0.0869042 0.353713
0 0.421895 0.405408 0.018537 0.0105118 0.350845
0 0.208484 0.822984 0.0593955 0.0371018 0.350125
0 0.143257 0.43171 0.0229114 0.0196298 0.346108
0 0.059381 0.766937 0.0161344 0.0123011 0.34085
0 0.171696 0.715136 0.0161209 0.0103855 0.333083
0 0.520478 0.386706 0.0249764 0.00970685 0.331484
0 0.681291 0.885121 0.0476875 0.0460033 0.331363
0 0.849278 0.917207 0.0537131 0.0376526 0.329364
0 0.900604 0.361581 0.038396 0.0121676 0.321798
0 0.71552 0.899231 0.0386033 0.0235235 0.321539
0 0.0681343 0.842583 0.0780224 0.0262726 0.319967
0 0.315138 0.846956 0.153237 0.102632 0.316743
0 0.293151 0.493457 0.0161245 0.0100389 0.31435
0 0.943945 0.76811 0.0586085 0.0455299 0.311039
0 0.434589 0.919164 0.202206 0.0579762 0.309384
0 0.411762 0.496228 0.0198547 0.00812586 0.302309
0 0.569869 0.714441 0.0641228 0.044012 0.296181
0 0.201772 0.469937 0.0379744 0.0243036 0.290061
0 0.257834 0.66763 0.0495038 0.00937975 0.28877
0 0.159712 0.466061 0.0236211 0.0102639 0.28677
0 0.480492 0.792625 0.0482436 0.0267585 0.282948
0 0.4908 0.460037 0.0199896 0.0127544 0.277474
0 0.0104656 0.669147 0.0209312 0.0245985 0.276284
0 0.169054 0.551736 0.0240827 0.0175716 0.275683
0 0.174597 0.745308 0.0735653 0.0315628 0.275538
0 0.199636 0.844617 0.0903251 0.0799313 0.274174
0 0.0166637 0.493848 0.023479 0.0100932 0.26689
0 0.667349 0.526758 0.0136749 0.0127818 0.266088
0 0.484172 0.494254 0.0399233 0.023774 0.261436
0 0.142526 0.53137 0.0141472 0.0112779 0.258191
0 0.372973 0.416811 0.0303278 0.0139915 0.257768
