0 0.220692 0.79377 0.117147 0.0498437 0.930303
0 0.941242 0.814631 0.0796489 0.0512636 0.907002
0 0.157097 0.841424 0.066377 0.0318378 0.906573
0 0.336081 0.795385 0.087041 0.0402541 0.903779
0 0.302324 0.874671 0.074624 0.0347746 0.89056
0 0.114486 0.803167 0.0871147 0.0446904 0.876959
0 0.647409 0.816656 0.0869598 0.0323948 0.874693
0 0.149531 0.883659 0.0342468 0.0174935 0.873833
0 0.782818 0.855224 0.096648 0.0307963 0.872515
0 0.55359 0.740909 0.0675454 0.0436924 0.871896
0 0.594853 0.842296 0.0647338 0.0375502 0.86455
0 0.0720517 0.887442 0.0627405 0.026165 0.863765
0 0.487444 0.680209 0.0394952 0.0207199 0.854179
0 0.407791 0.818721 0.0990483 0.0460922 0.851273
0 0.766773 0.760446 0.0350985 0.0214214 0.847939
0 0.295334 0.763738 0.113244 0.0414568 0.846884
0 0.0594088 0.692376 0.0326317 0.0232338 0.843652
0 0.338186 0.72985 0.0481275 0.0299454 0.842687
0 0.490274 0.826 0.0807726 0.0268837 0.842402
0 0.65852 0.856044 0.0339577 0.0267693 0.841065
0 0.464225 0.77027 0.0411763 0.0185328 0.838859
0 0.338912 0.83222 0.0388016 0.0268887 0.834784
0 0.6001 0.767751 0.045888 0.0245024 0.833762
0 0.865701 0.845297 0.052804 0.036158 0.829625
0 0.953853 0.861883 0.0855894 0.0404245 0.828717
0 0.407847 0.722248 0.031926 0.0216041 0.827272
0 0.719139 0.73633 0.091272 0.0190706 0.815888
0 0.50783 0.784831 0.0538188 0.0257004 0.812481
0 0.829855 0.651831 0.0715819 0.0213283 0.810535
0 0.690965 0.773835 0.0401194 0.0152725 0.808899
0 0.208912 0.750368 0.0404686 0.0168533 0.790198
0 0.377299 0.668596 0.0283648 0.0145253 0.783547
0 0.115401 0.712103 0.0332453 0.0318237 0.775362
0 0.478136 0.732963 0.0321648 0.0200052 0.77366
0 0.328251 0.696858 0.0267101 0.0141272 0.755815
0 0.41772 0.88649 0.032684 0.0140457 0.754921
0 0.0232192 0.854708 0.0464384 0.0260509 0.750654
0 0.981591 0.777394 0.0338532 0.0196003 0.743998
0 0.79865 0.730259 0.0304917 0.0126604 0.724393
0 0.223352 0.88623 0.0575046 0.0444741 0.704731
0 0.554927 0.888074 0.0270762 0.0168875 0.685261
0 0.250023 0.909024 0.0345514 0.0174373 0.669234
0 0.739342 0.679831 0.03628 0.0188115 0.667255
0 0.514973 0.876565 0.0305145 0.0107699 0.666984
0 0.985496 0.758844 0.0235499 0.0111469 0.654343
0 0.323256 0.669936 0.0219742 0.0126879 0.652682
0 0.0311607 0.667868 0.0210104 0.0104074 0.650799
0 0.658266 0.694793 0.0289131 0.0117614 0.640305
0 0.854834 0.745568 0.0244373 0.0130964 0.572245
0 0.923092 0.779593 0.0243317 0.013766 0.510378
0 0.984372 0.736223 0.0267744 0.012156 0.495197
0 0.381776 0.687716 0.024164 0.00966358 0.447147
0 0.876626 0.772917 0.0221493 0.0103035 0.42883
0 0.617261 0.894283 0.0163848 0.0086792 0.408279
0 0.710644 0.713584 0.0208946 0.0115997 0.39148
0 0.781065 0.790349 0.0169507 0.0080155 0.372221
0 0.0340707 0.905003 0.0171846 0.00906503 0.368398
0 0.228871 0.890183 0.07082 0.0539267 0.353474
0 0.896952 0.792864 0.0193053 0.00859538 0.347521
0 0.0688558 0.762537 0.114317 0.0394747 0.33813
0 0.602844 0.640222 0.0313952 0.0108106 0.329427
0 0.8251 0.634598 0.019335 0.00798534 0.295857
0 0.470874 0.632251 0.0153238 0.00600473 0.294873
0 0.074234 0.783887 0.145435 0.0834021 0.266799
