0 0.680072 0.538607 0.147985 0.0655957 0.9364
0 0.161826 0.505744 0.239883 0.0688512 0.911008
0 0.183824 0.761608 0.109874 0.0662603 0.910271
0 0.610247 0.567629 0.0762649 0.0660295 0.89994
0 0.254641 0.548924 0.110888 0.0699904 0.898327
0 0.872949 0.71029 0.137628 0.112267 0.897265
0 0.482679 0.617576 0.0969025 0.0733909 0.893823
0 0.296427 0.763613 0.13079 0.131253 0.886031
0 0.898529 0.493179 0.0868685 0.0736844 0.881339
0 0.0973345 0.709513 0.177143 0.0730881 0.8782
0 0.805421 0.429414 0.0673025 0.0286756 0.876258
0 0.92891 0.54617 0.056892 0.0450271 0.87098
0 0.886277 0.822656 0.127858 0.0847419 0.866096
0 0.308526 0.879429 0.204532 0.101662 0.865794
0 0.551187 0.616942 0.0342163 0.0242419 0.859126
0 0.843255 0.510312 0.0365972 0.0337728 0.845332
0 0.219666 0.703542 0.0971051 0.0568999 0.844016
0 0.465748 0.540966 0.183823 0.106155 0.834312
0 0.700343 0.840772 0.162387 0.0716047 0.833496
0 0.107949 0.566946 0.0782762 0.0325516 0.830815
0 0.0669809 0.6405 0.124406 0.0932271 0.827632
0 0.618914 0.694118 0.0695068 0.0296058 0.824016
0 0.806838 0.776694 0.162596 0.0729267 0.823222
0 0.321623 0.574763 0.0427196 0.0400309 0.822972
0 0.337534 0.940009 0.0701477 0.0238777 0.819828
0 0.764658 0.509886 0.102079 0.0453135 0.819744
0 0.865905 0.883736 0.151016 0.0622587 0.818568
0 0.673755 0.697306 0.053385 0.0369932 0.818031
0 0.69039 0.655336 0.0398609 0.0244072 0.817622
0 0.794363 0.680839 0.100177 0.027129 0.817231
0 0.163168 0.624842 0.116339 0.05805 0.816413
0 0.437772 0.708035 0.0377504 0.0251107 0.814235
0 0.552607 0.652014 0.0586491 0.0208582 0.807888
0 0.750724 0.892379 0.101061 0.0423641 0.801271
0 0.585534 0.453115 0.222189 0.064843 0.799307
0 0.317165 0.502461 0.0328208 0.0210076 0.793459
0 0.93837 0.431464 0.057694 0.031782 0.787519
0 0.802098 0.833492 0.0641142 0.0508297 0.786869
0 0.712889 0.412155 0.0500502 0.0514842 0.784572
0 0.695201 0.757135 0.0503654 0.0269678 0.784363
0 0.604574 0.643823 0.0805846 0.0692391 0.780886
0 0.451181 0.402896 0.0484942 0.0271436 0.775164
0 0.744624 0.653732 0.0281528 0.0208137 0.774761
0 0.12381 0.877442 0.144304 0.156743 0.771187
0 0.863045 0.436586 0.0360075 0.0157447 0.769404
0 0.380762 0.814801 0.119985 0.0693846 0.765646
0 0.426424 0.673703 0.169195 0.0504077 0.763174
0 0.0579357 0.545253 0.0413022 0.0190298 0.758369
0 0.397266 0.633598 0.0444403 0.0233273 0.757483
0 0.717706 0.800153 0.0445043 0.0214811 0.752604
0 0.623216 0.403766 0.0537703 0.0482386 0.7422
0 0.224691 0.613922 0.030749 0.0257375 0.73957
0 0.102652 0.777037 0.0331407 0.0180485 0.736838
0 0.0639498 0.443267 0.0444056 0.030393 0.718038
0 0.551375 0.374373 0.0478924 0.0245693 0.702391
0 0.614385 0.913219 0.257728 0.0852388 0.70194
0 0.571599 0.763316 0.290913 0.119065 0.701849
0 0.40809 0.529243 0.0414625 0.0245167 0.698083
0 0.317986 0.455869 0.0463738 0.0189983 0.696452
0 0.43771 0.839672 0.115741 0.0551151 0.688678
0 0.832665 0.638416 0.0551499 0.0236587 0.684708
0 0.0904001 0.971237 0.0496186 0.0310459 0.682781
0 0.752451 0.931468 0.0717809 0.0276779 0.67337
0 0.981991 0.421016 0.0252395 0.0133486 0.671166
0 0.152368 0.430411 0.0531717 0.0252625 0.668811
0 0.817052 0.599961 0.345693 0.0979759 0.65601
0 0.364623 0.435214 0.0719027 0.0322172 0.643593
0 0.0642696 0.468316 0.0366729 0.0160873 0.64168
0 0.97042 0.45877 0.0563975 0.025428 0.638333
0 0.183918 0.563022 0.0275381 0.0147296 0.617401
0 0.966184 0.388234 0.0272384 0.0276438 0.605577
0 0.142275 0.63697 0.048298 0.0259814 0.587416
0 0.180903 0.821427 0.0699175 0.0381767 0.585482
0 0.937299 0.318118 0.0344807 0.0106094 0.552087
0 0.730229 0.988622 0.0442165 0.0225968 0.54114
0 0.19934 0.880024 0.0821174 0.0777534 0.537991
0 0.494944 0.49231 0.0246292 0.0127241 0.51763
0 0.763693 0.977107 0.0490787 0.0244663 0.515829
0 0.252604 0.656868 0.0598185 0.0246824 0.514844
0 0.409147 0.754067 0.198516 0.0642601 0.50788
0 0.0263663 0.461387 0.0212681 0.0143845 0.489484
0 0.797721 0.471651 0.0572907 0.0197624 0.483308
0 0.704566 0.328136 0.0257165 0.0144323 0.482551
0 0.0471196 0.92569 0.026305 0.013678 0.462302
0 0.50944 0.370021 0.0353509 0.0118342 0.458679
0 0.276732 0.465449 0.0253309 0.0168991 0.456523
0 0.952984 0.921632 0.0850955 0.0440712 0.45104
0 0.143429 0.979372 0.0627653 0.0369642 0.450276
0 0.522295 0.47518 0.0255152 0.0136958 0.444232
0 0.901462 0.777904 0.0285562 0.0141615 0.442784
0 0.517069 0.887544 0.210943 0.11232 0.422536
0 0.842161 0.552704 0.0202366 0.0113297 0.418407
0 0.392582 0.577343 0.0626125 0.0235891 0.412871
0 0.702856 0.379287 0.0365609 0.0114108 0.409353
0 0.412195 0.42784 0.0602937 0.0227713 0.407932
0 0.410458 0.408747 0.0207874 0.012221 0.402295
0 0.854294 0.417036 0.020546 0.00772149 0.393322
0 0.944731 0.704248 0.0220235 0.0148304 0.384507
0 0.15906 0.456161 0.0198201 0.00901842 0.382258
0 0.286843 0.67121 0.126277 0.0531231 0.370019
0 0.871923 0.401874 0.0298107 0.0101647 0.368102
0 0.811687 0.470593 0.0312725 0.0116423 0.36711
0 0.390353 0.72654 0.0239223 0.0115295 0.364953
0 0.659208 0.944981 0.0700108 0.0253355 0.364466
0 0.288795 0.909971 0.0427325 0.0238273 0.361881
0 0.452014 0.357909 0.0263228 0.0120194 0.351002
0 0.305376 0.677021 0.0856795 0.0425639 0.347056
0 0.0274682 0.583671 0.0261475 0.0179154 0.338165
0 0.416032 0.430857 0.0516051 0.0154957 0.332011
0 0.552274 0.565711 0.0495659 0.0440443 0.317438
0 0.771227 0.995846 0.0319742 0.00830801 0.316914
0 0.063704 0.594443 0.0220188 0.0195551 0.312577
0 0.330632 0.474652 0.0287627 0.0229377 0.308365
0 0.782233 0.47127 0.0265008 0.0180613 0.30687
0 0.0264495 0.58916 0.0261826 0.0106365 0.295998
0 0.044513 0.788323 0.0227449 0.020552 0.295702
0 0.772798 0.55097 0.0258824 0.0296246 0.294102
0 0.529075 0.588959 0.0346664 0.0183542 0.286915
0 0.722956 0.717251 0.10797 0.0366886 0.285345
0 0.977736 0.528794 0.0441018 0.0458198 0.264779
0 0.81664 0.583601 0.36672 0.0954029 0.260534
0 0.843838 0.306521 0.0377531 0.0131761 0.257222
