0 0.696633 0.747452 0.108247 0.0350796 0.91439
0 0.591329 0.756733 0.0739943 0.0479565 0.908711
0 0.46073 0.797427 0.0876942 0.0343311 0.901685
0 0.171127 0.758075 0.0813635 0.0617024 0.897692
0 0.932023 0.691538 0.053219 0.0448659 0.891104
0 0.383522 0.802792 0.0508483 0.0361714 0.884958
0 0.75759 0.808431 0.100938 0.0313832 0.871361
0 0.637442 0.792705 0.0367352 0.028515 0.870541
0 0.298963 0.786939 0.104173 0.0373438 0.862903
0 0.791114 0.722219 0.0648534 0.0259947 0.854932
0 0.669225 0.833636 0.0659315 0.0366012 0.852806
0 0.781192 0.879429 0.0483124 0.0302971 0.850225
0 0.641662 0.702894 0.0769215 0.031304 0.843433
0 0.090154 0.842219 0.0443606 0.0294731 0.842681
0 0.0544827 0.820171 0.0454507 0.0182839 0.836551
0 0.28025 0.674488 0.0386722 0.0265662 0.834423
0 0.344261 0.715352 0.0956416 0.0285775 0.832914
0 0.337693 0.55523 0.0434711 0.0194954 0.824971
0 0.469434 0.838177 0.0603146 0.0190667 0.824392
0 0.532922 0.819653 0.0322958 0.0191425 0.823731
0 0.963024 0.845316 0.0739519 0.0395737 0.818896
0 0.866343 0.84579 0.11776 0.0492188 0.801723
0 0.578732 0.67687 0.107289 0.0314345 0.800089
0 0.756724 0.664381 0.0535914 0.0231833 0.794151
0 0.825751 0.757188 0.0404655 0.0206469 0.775962
0 0.440617 0.518638 0.0700709 0.0262253 0.775356
0 0.123888 0.85228 0.0356533 0.0232784 0.774155
0 0.527458 0.736322 0.044243 0.0199148 0.768644
0 0.103999 0.457856 0.0624318 0.0189499 0.763565
0 0.265271 0.745727 0.0322305 0.025662 0.755951
0 0.542172 0.651025 0.0541602 0.0312807 0.741977
0 0.929279 0.756627 0.0518109 0.0242979 0.72633
0 0.386016 0.661027 0.0295858 0.0159993 0.712491
0 0.461636 0.590008 0.0283141 0.0186957 0.707591
0 0.0993545 0.67064 0.0265056 0.0127998 0.697998
0 0.410717 0.847438 0.0222787 0.0139557 0.664483
0 0.344778 0.668097 0.0222538 0.0101904 0.661548
0 0.255948 0.575506 0.0462046 0.0179187 0.65053
0 0.696413 0.556111 0.0345493 0.0108785 0.645895
0 0.77931 0.833216 0.0902404 0.032143 0.640233
0 0.246339 0.716792 0.0278882 0.00900784 0.619337
0 0.0349225 0.685309 0.0685236 0.0391291 0.618647
0 0.0367325 0.712413 0.0300538 0.013665 0.604184
0 0.101956 0.624953 0.0288844 0.015016 0.603446
0 0.865793 0.631844 0.0292696 0.0149665 0.597591
0 0.379832 0.87833 0.0240601 0.00863155 0.569199
0 0.360931 0.5909 0.0251139 0.00822894 0.555539
0 0.110007 0.73189 0.0253843 0.013067 0.548962
0 0.985817 0.706827 0.0283666 0.0268095 0.547001
0 0.456157 0.657365 0.0258054 0.00963641 0.546763
0 0.0983201 0.747562 0.0197391 0.0143231 0.534349
0 0.0673374 0.496612 0.0293615 0.0213733 0.529775
0 0.555935 0.570499 0.0341756 0.0115544 0.524751
0 0.184837 0.858716 0.019877 0.0120616 0.516804
0 0.146525 0.645294 0.0216935 0.0107723 0.505008
0 0.96442 0.679555 0.0260341 0.0154271 0.498913
0 0.982696 0.661209 0.0275124 0.0217485 0.494147
0 0.307443 0.616514 0.0202739 0.0117101 0.469236
0 0.152554 0.515069 0.0234063 0.0121975 0.465816
0 0.902328 0.822869 0.0247688 0.0131821 0.457708
0 0.827571 0.545871 0.0217815 0.0100891 0.439668
0 0.361247 0.823954 0.017171 0.0128536 0.436976
0 0.76731 0.836148 0.0674055 0.028397 0.404473
0 0.0208859 0.853372 0.0417717 0.0279472 0.404336
0 0.261967 0.863535 0.0478666 0.0280334 0.397598
0 0.459615 0.508517 0.0264737 0.0124678 0.392853
0 0.930578 0.771778 0.044048 0.0109953 0.385824
0 0.0161598 0.772069 0.0314761 0.0158129 0.379183
0 0.510436 0.716826 0.0209457 0.0106934 0.37666
0 0.849071 0.503529 0.0212125 0.0105369 0.371656
0 0.759779 0.836816 0.0517856 0.0254246 0.36966
0 0.173177 0.82234 0.0206529 0.0123047 0.355987
0 0.926763 0.565109 0.02485 0.00905056 0.346292
0 0.223095 0.857973 0.0237772 0.0120385 0.336036
0 0.789305 0.550539 0.0204713 0.012931 0.334724
0 0.989463 0.751639 0.0210743 0.0206449 0.316875
0 0.941652 0.793947 0.0302327 0.0236658 0.303301
0 0.0999957 0.567059 0.0173536 0.00752116 0.30109
0 0.64961 0.554001 0.0260503 0.0145209 0.298132
0 0.750916 0.770595 0.0118235 0.00929742 0.292715
0 0.962544 0.801309 0.0729985 0.0453549 0.290234
0 0.546328 0.546337 0.0398466 0.0119286 0.258932
