0 0.209688 0.768503 0.0435257 0.0230791 0.893252
0 0.440936 0.769194 0.0448455 0.0184031 0.874408
0 0.587454 0.726579 0.0522691 0.0333738 0.854097
0 0.677509 0.768351 0.0647906 0.0281725 0.853208
0 0.668048 0.824217 0.0707642 0.04602 0.851711
0 0.51023 0.778473 0.0622144 0.0324737 0.851673
0 0.170968 0.63043 0.0877487 0.033285 0.851219
0 0.860206 0.781333 0.0465773 0.0291695 0.844164
0 0.772586 0.767989 0.0618242 0.0246519 0.840444
0 0.431052 0.82084 0.062385 0.026643 0.839513
0 0.534386 0.704191 0.0980645 0.0216199 0.838915
0 0.588599 0.836608 0.057254 0.038862 0.832245
0 0.763304 0.710266 0.0392051 0.0238232 0.828046
0 0.612688 0.800134 0.0438276 0.0221342 0.82099
0 0.726542 0.755636 0.0618331 0.0165945 0.80785
0 0.960315 0.676397 0.0740638 0.0258015 0.807309
0 0.297081 0.757723 0.0535997 0.0179458 0.80149
0 0.0431289 0.784034 0.0819177 0.0411104 0.79663
0 0.301226 0.729036 0.0543056 0.0236136 0.789686
0 0.470723 0.654634 0.0261053 0.0190979 0.788215
0 0.37913 0.704215 0.0614155 0.0225205 0.782774
0 0.735781 0.657614 0.0430386 0.0323868 0.776466
0 0.620896 0.766078 0.0369275 0.0191999 0.757735
0 0.511207 0.629169 0.0348307 0.019071 0.746746
0 0.668681 0.710731 0.0413462 0.0205294 0.741719
0 0.894557 0.591029 0.0286384 0.0116316 0.726668
0 0.949098 0.757342 0.101263 0.0462967 0.725807
0 0.870388 0.81642 0.0458062 0.0178139 0.715108
0 0.390255 0.651767 0.0265826 0.0176963 0.712325
0 0.119878 0.584015 0.0483388 0.0117554 0.680128
0 0.861865 0.548079 0.0283166 0.0167017 0.667837
0 0.396504 0.546995 0.0240572 0.0155046 0.664985
0 0.397738 0.731279 0.0228212 0.0112083 0.662654
0 0.161736 0.748445 0.0235998 0.0163657 0.659508
0 0.807283 0.516053 0.0331833 0.0111034 0.654072
0 0.238689 0.792781 0.0348088 0.0115991 0.641919
0 0.590027 0.541587 0.0248594 0.0102348 0.625154
0 0.75077 0.730552 0.0249097 0.0108761 0.624117
0 0.744889 0.833054 0.0862323 0.0344185 0.623463
0 0.916922 0.792489 0.0248432 0.00990885 0.615027
0 0.662956 0.731007 0.024024 0.0145123 0.604761
0 0.627948 0.584347 0.0268117 0.00939715 0.598132
0 0.893778 0.728625 0.0317161 0.0129547 0.596651
0 0.0504543 0.757719 0.023184 0.0123129 0.583209
0 0.108472 0.816378 0.0204026 0.0156513 0.574188
0 0.968703 0.723745 0.0237708 0.0143013 0.560712
0 0.30267 0.626784 0.0245896 0.0197213 0.5377
0 0.858432 0.730618 0.0348746 0.0116722 0.537401
0 0.264912 0.531912 0.0230313 0.010094 0.52559
0 0.908315 0.819678 0.0215902 0.00935095 0.515534
0 0.537383 0.617383 0.0273605 0.00988733 0.515111
0 0.219007 0.737858 0.0176007 0.0123447 0.511752
0 0.653439 0.538878 0.0222646 0.00920528 0.500658
0 0.134642 0.806398 0.0222062 0.00940357 0.484408
0 0.831728 0.720784 0.0232271 0.0141173 0.470233
0 0.598397 0.668418 0.0213502 0.00998323 0.458178
0 0.261506 0.836531 0.0352838 0.0131039 0.452542
0 0.243266 0.697945 0.0232668 0.0111466 0.443796
0 0.810845 0.695146 0.0189758 0.0104716 0.439064
0 0.983642 0.80587 0.0294442 0.0153176 0.43365
0 0.0323811 0.567952 0.0212461 0.00738756 0.430626
0 0.828843 0.724946 0.0271878 0.0213089 0.421206
0 0.793542 0.780442 0.0260554 0.00949137 0.403922
0 0.897645 0.637156 0.0309336 0.0124442 0.392612
0 0.111404 0.762923 0.0445351 0.012929 0.389183
0 0.48338 0.461627 0.0237074 0.0118023 0.379975
0 0.924977 0.566526 0.0164097 0.00965346 0.364237
0 0.203845 0.817579 0.0133355 0.00937382 0.34235
0 0.863824 0.495138 0.022045 0.0137172 0.326213
0 0.12584 0.615443 0.0280634 0.0128872 0.325843
0 0.86729 0.685916 0.015203 0.0111159 0.322582
0 0.115526 0.762394 0.0575808 0.014531 0.319338
0 0.0594066 0.645801 0.013658 0.00908393 0.319091
0 0.578202 0.684488 0.0144036 0.00973366 0.309372
0 0.363181 0.840661 0.0155678 0.00770607 0.295598
0 0.624414 0.557056 0.0180027 0.00892795 0.268899
0 0.967301 0.516433 0.0154576 0.00971983 0.268228
0 0.533581 0.518109 0.0212484 0.00994389 0.256655
