0 0.105919 0.846754 0.102101 0.0523823 0.905826
0 0.199051 0.845966 0.0694108 0.0511894 0.880821
0 0.648413 0.684129 0.0692799 0.0387749 0.877391
0 0.755264 0.633317 0.0638321 0.04448 0.871053
0 0.328765 0.937829 0.0600772 0.0252138 0.870317
0 0.730067 0.731444 0.0526743 0.0242078 0.866367
0 0.704996 0.928402 0.0500956 0.027615 0.860141
0 0.743755 0.543691 0.0332747 0.0161325 0.838181
0 0.921183 0.898893 0.0563252 0.0357821 0.835326
0 0.438068 0.96106 0.0438169 0.029013 0.829554
0 0.0434327 0.690592 0.0505294 0.0312836 0.824665
0 0.491154 0.65575 0.0303213 0.0177696 0.824079
0 0.90702 0.842944 0.0723566 0.0551493 0.82331
0 0.263333 0.877933 0.046317 0.0333164 0.822238
0 0.707301 0.763182 0.066627 0.0465181 0.820042
0 0.64637 0.781137 0.0383894 0.0147943 0.819003
0 0.177712 0.65788 0.0288885 0.028081 0.818859
0 0.118097 0.680283 0.0362904 0.0147035 0.818288
0 0.228858 0.962779 0.101315 0.0359619 0.817311
0 0.839931 0.612951 0.0629571 0.0180563 0.816126
0 0.0871126 0.733874 0.0795976 0.0339271 0.80691
0 0.922962 0.762057 0.0415259 0.0278307 0.804534
0 0.618983 0.502763 0.0345201 0.0144092 0.803184
0 0.131571 0.772974 0.0341576 0.018838 0.802542
0 0.0360589 0.536602 0.0426971 0.0191664 0.801237
0 0.287921 0.62895 0.0491364 0.0288502 0.80121
0 0.947216 0.928613 0.0371317 0.0155998 0.798226
0 0.73992 0.595072 0.0471296 0.0216196 0.794889
0 0.334866 0.804073 0.0866298 0.0289102 0.793638
0 0.312271 0.971836 0.0432785 0.0242889 0.792047
0 0.907188 0.721567 0.0491473 0.0215363 0.791255
0 0.532157 0.724172 0.0421072 0.0266722 0.79113
0 0.192169 0.782362 0.0450813 0.019829 0.789576
0 0.42082 0.751281 0.0550304 0.023426 0.788766
0 0.793577 0.687376 0.0860097 0.0277597 0.786839
0 0.495485 0.863731 0.108593 0.0259791 0.786346
0 0.414549 0.86163 0.0533449 0.0314648 0.785221
0 0.793872 0.739177 0.041829 0.0332715 0.784225
0 0.523481 0.507214 0.031896 0.0131795 0.777413
0 0.110424 0.884242 0.0621831 0.0251365 0.775408
0 0.551949 0.851407 0.046357 0.0287279 0.773856
0 0.699833 0.621405 0.0482966 0.0222075 0.773212
0 0.360624 0.973607 0.0407354 0.0208881 0.771629
0 0.127979 0.915632 0.0459404 0.0351399 0.768248
0 0.518618 0.59992 0.0713357 0.0268695 0.765947
0 0.66818 0.945605 0.0338366 0.0223568 0.765898
0 0.261454 0.794 0.0661043 0.0343113 0.760391
0 0.275981 0.945284 0.0373358 0.0153862 0.759558
0 0.77637 0.465111 0.0345962 0.0191385 0.7578
0 0.137458 0.659212 0.0415015 0.0117857 0.756907
0 0.0649914 0.599709 0.0786048 0.0269423 0.754797
0 0.115811 0.616027 0.0415764 0.0227102 0.753724
0 0.668803 0.715111 0.0455195 0.0236898 0.752646
0 0.619933 0.736067 0.0468697 0.0443962 0.751276
0 0.399417 0.766647 0.0361635 0.0220385 0.751256
0 0.0557237 0.807234 0.0721271 0.0351138 0.749341
0 0.952476 0.947845 0.0597854 0.0215786 0.747582
0 0.230519 0.544645 0.024707 0.0123234 0.743324
0 0.505416 0.535573 0.0239827 0.0164675 0.741178
0 0.0855375 0.646286 0.0371266 0.0104265 0.737227
0 0.575294 0.514655 0.0449367 0.0168743 0.735118
0 0.572174 0.722901 0.0306377 0.0224398 0.73411
0 0.325865 0.832281 0.0577915 0.0286884 0.733129
0 0.843481 0.366842 0.0378814 0.0202804 0.731467
0 0.212049 0.933034 0.0250115 0.0241574 0.730779
0 0.205887 0.72876 0.0369632 0.0127594 0.728447
0 0.2093 0.704089 0.0270524 0.0195979 0.728202
0 0.306809 0.654506 0.0302759 0.0116173 0.724621
0 0.445872 0.92677 0.0376258 0.0187947 0.723639
0 0.331585 0.676323 0.0260207 0.0206358 0.720687
0 0.0992191 0.465078 0.0322029 0.0143444 0.715939
0 0.157029 0.949223 0.0727541 0.0234539 0.715393
0 0.931748 0.54488 0.0648312 0.020752 0.714072
0 0.261758 0.91453 0.0441807 0.0199829 0.710373
0 0.492929 0.675774 0.0804191 0.0166638 0.707103
0 0.351748 0.770258 0.0457942 0.029414 0.705098
0 0.366316 0.783027 0.0321201 0.0130999 0.703603
0 0.716588 0.833377 0.119017 0.062657 0.702991
0 0.0933114 0.541239 0.0335017 0.0129547 0.698821
0 0.817358 0.46524 0.0170925 0.0163158 0.698585
0 0.363696 0.867887 0.0569615 0.0199009 0.696485
0 0.861122 0.700477 0.0442905 0.0261816 0.696026
0 0.650627 0.875762 0.0755276 0.0317623 0.694617
0 0.174196 0.688152 0.0424467 0.0182865 0.693658
0 0.791842 0.533847 0.0455645 0.0119599 0.693001
0 0.246293 0.506119 0.0348966 0.0102346 0.692293
0 0.471065 0.904355 0.0470546 0.0213106 0.690471
0 0.0454236 0.623001 0.0694742 0.0281321 0.690373
0 0.0639822 0.974158 0.0572611 0.0276782 0.690208
0 0.123667 0.518494 0.0527089 0.0426954 0.689291
0 0.660862 0.438705 0.0279035 0.0158717 0.688824
0 0.833102 0.580643 0.0559468 0.0236128 0.687752
0 0.85952 0.765597 0.0227539 0.0142917 0.686267
0 0.646971 0.929211 0.0336496 0.0159744 0.68472
0 0.251828 0.559466 0.0393034 0.0164425 0.684098
0 0.119814 0.713344 0.0314115 0.0176805 0.683092
0 0.550949 0.90771 0.0282342 0.0102831 0.682886
0 0.1702 0.597479 0.0565176 0.022444 0.680831
0 0.677811 0.521344 0.0229575 0.0112412 0.679194
0 0.392272 0.680145 0.0289768 0.0148049 0.678126
0 0.52703 0.929601 0.0504157 0.0185703 0.677956
0 0.759819 0.566694 0.0445498 0.0209044 0.676772
0 0.135694 0.555012 0.0381851 0.0213671 0.676432
0 0.0803559 0.431351 0.0311307 0.0125202 0.673492
0 0.177482 0.886818 0.0545021 0.0211013 0.67331
0 0.408308 0.979197 0.0394772 0.0212547 0.671531
0 0.971197 0.658557 0.0507515 0.0306419 0.671189
0 0.58264 0.592737 0.0264923 0.0133106 0.67028
0 0.495076 0.973047 0.0521081 0.0328213 0.669576
0 0.502936 0.736255 0.0450518 0.0157577 0.667718
0 0.538517 0.771527 0.0632115 0.0256008 0.662297
0 0.361733 0.654618 0.0297073 0.0143983 0.662077
0 0.0788459 0.569853 0.0208816 0.0130078 0.661634
0 0.797463 0.598374 0.0273044 0.0224713 0.661151
0 0.673443 0.565818 0.0255938 0.018475 0.658636
0 0.832681 0.895618 0.0771398 0.0400894 0.656033
0 0.613657 0.924623 0.0224008 0.0191923 0.655708
0 0.903329 0.599888 0.040137 0.0222737 0.654704
0 0.575978 0.946549 0.0427439 0.0299916 0.654512
0 0.537839 0.649963 0.0687554 0.0257912 0.654449
0 0.460765 0.519163 0.0683894 0.0184201 0.651123
0 0.799954 0.490767 0.0485196 0.0146609 0.649664
0 0.184278 0.762797 0.0334989 0.0194961 0.648784
0 0.186935 0.92492 0.0229818 0.0200603 0.645782
0 0.809982 0.770451 0.0387468 0.0259421 0.642823
0 0.193422 0.745764 0.0458335 0.0159448 0.641322
0 0.877585 0.937176 0.0545028 0.0273914 0.639923
0 0.709944 0.710722 0.0250477 0.0190424 0.63949
0 0.57759 0.563163 0.0395122 0.013253 0.639411
0 0.251554 0.821802 0.0251402 0.0231537 0.638698
0 0.246138 0.727726 0.0269678 0.0112734 0.636902
0 0.42671 0.889378 0.0313558 0.0191546 0.634846
0 0.0771486 0.761346 0.0349848 0.0265621 0.633924
0 0.410336 0.809157 0.0625026 0.0348755 0.632008
0 0.186753 0.622533 0.0467125 0.019637 0.631378
0 0.398658 0.918133 0.0304693 0.0214443 0.625922
0 0.612119 0.704816 0.0281629 0.0136664 0.625716
0 0.0420264 0.934174 0.0354108 0.0196423 0.624751
0 0.0277254 0.761915 0.0554508 0.0214212 0.623099
0 0.85844 0.649534 0.0254103 0.0252912 0.621538
0 0.632463 0.527701 0.0264948 0.0126253 0.620064
0 0.45146 0.820363 0.0288807 0.0135094 0.618537
0 0.226104 0.468769 0.0226725 0.0167847 0.613928
0 0.914241 0.521837 0.0239923 0.0121384 0.613898
0 0.373618 0.630534 0.0297658 0.0241607 0.613041
0 0.355325 0.6964 0.0395506 0.0198944 0.609151
0 0.821015 0.642976 0.0573381 0.0272489 0.603373
0 0.548078 0.67419 0.0221285 0.0144963 0.601764
0 0.793036 0.425787 0.0266943 0.0168523 0.597219
0 0.099692 0.793607 0.0253796 0.0149958 0.596504
0 0.148867 0.571985 0.0857067 0.0284116 0.595482
0 0.286025 0.687584 0.0593966 0.030681 0.594622
0 0.6675 0.754736 0.0302283 0.0170857 0.592463
0 0.827603 0.960516 0.0695921 0.0276634 0.59134
0 0.711066 0.870821 0.0348162 0.0163497 0.587373
0 0.178057 0.897063 0.0566172 0.041169 0.586996
0 0.209972 0.683338 0.0295418 0.0213877 0.586662
0 0.260639 0.518098 0.0266021 0.0184581 0.578126
0 0.815103 0.666821 0.0300505 0.0113435 0.577838
0 0.952139 0.782262 0.0347119 0.016293 0.575497
0 0.73864 0.942618 0.0487984 0.0232059 0.568476
0 0.941342 0.629229 0.0443646 0.0322167 0.568012
0 0.49495 0.92248 0.0582903 0.01557 0.564882
0 0.330913 0.509428 0.0186901 0.0111735 0.564146
0 0.865495 0.815695 0.106897 0.0490755 0.563449
0 0.885426 0.360436 0.0190653 0.0184607 0.561767
0 0.253987 0.930678 0.0252543 0.00910473 0.559964
0 0.0551906 0.656257 0.017684 0.0132751 0.559624
0 0.267602 0.662914 0.0326549 0.0106693 0.557203
0 0.466825 0.788871 0.0599649 0.0259703 0.556005
0 0.480906 0.885135 0.0400316 0.022955 0.555383
0 0.616126 0.835758 0.0855169 0.0274558 0.554422
0 0.325193 0.892845 0.0755237 0.0296215 0.55328
0 0.559073 0.541381 0.019996 0.0130243 0.553073
0 0.391491 0.729929 0.0654629 0.0343865 0.552939
0 0.329591 0.431276 0.0292418 0.0107655 0.552797
0 0.405378 0.659631 0.0599638 0.0151257 0.55263
0 0.703908 0.890752 0.0179406 0.0180776 0.551709
0 0.880779 0.75929 0.0146124 0.00900572 0.550442
0 0.471646 0.831515 0.0174761 0.0118319 0.544168
0 0.78674 0.397816 0.0192143 0.013533 0.541693
0 0.669965 0.738524 0.0269553 0.0175165 0.541685
0 0.905038 0.92445 0.0333477 0.0176685 0.53735
0 0.428559 0.791545 0.0184008 0.0146985 0.536876
0 0.952686 0.809202 0.044733 0.015685 0.536291
0 0.866886 0.588774 0.023303 0.00970459 0.528408
0 0.160505 0.794344 0.0268065 0.0122257 0.524974
0 0.564591 0.794902 0.130871 0.0287476 0.523726
0 0.624761 0.889476 0.0361755 0.0203194 0.523557
0 0.168847 0.423148 0.038684 0.0183378 0.522501
0 0.0288418 0.575055 0.0256547 0.0148542 0.521277
0 0.455803 0.464708 0.0269911 0.0125875 0.518853
0 0.638642 0.966001 0.102284 0.0289524 0.515767
0 0.0866211 0.497189 0.0216479 0.0145076 0.513857
0 0.710339 0.959063 0.0176415 0.0115464 0.513202
0 0.202781 0.806967 0.0281303 0.012437 0.512424
0 0.883218 0.423657 0.0207101 0.0128222 0.51175
0 0.528066 0.948536 0.0482253 0.0165817 0.511435
0 0.487242 0.706641 0.0542943 0.0203841 0.511165
0 0.167248 0.462801 0.0255026 0.00804846 0.510411
0 0.899321 0.643519 0.0653064 0.0666832 0.508656
0 0.989132 0.541872 0.0217352 0.0217386 0.50605
0 0.0285877 0.658237 0.0241981 0.0133759 0.506037
0 0.296145 0.76592 0.0315807 0.0112678 0.505651
0 0.643411 0.418752 0.0414476 0.0104892 0.50285
0 0.753912 0.712142 0.0289271 0.0160208 0.502683
0 0.33941 0.636001 0.0185742 0.0161804 0.501767
0 0.592672 0.876202 0.0349726 0.0219594 0.499273
0 0.931221 0.316627 0.0273488 0.0120184 0.490671
0 0.0135795 0.557367 0.0243564 0.01687 0.486566
0 0.874384 0.383531 0.0332924 0.0120922 0.48548
0 0.831164 0.777508 0.0330551 0.0193794 0.483079
0 0.880386 0.439985 0.0213253 0.0111479 0.481119
0 0.450869 0.643483 0.0173954 0.0109663 0.480306
0 0.221193 0.758953 0.020911 0.00873178 0.478756
0 0.0377617 0.462732 0.0292223 0.0153088 0.478032
0 0.16811 0.907893 0.0350646 0.0202879 0.471817
0 0.228937 0.895933 0.051453 0.0192904 0.471669
0 0.320549 0.545699 0.052794 0.0261203 0.471423
0 0.234381 0.449094 0.0249803 0.0160044 0.470644
0 0.187982 0.720659 0.0142855 0.0065257 0.470365
0 0.913095 0.68063 0.0214263 0.014388 0.46996
0 0.555317 0.882348 0.0335453 0.0126439 0.465158
0 0.29896 0.695877 0.0311634 0.0138638 0.458458
0 0.216775 0.415429 0.0207936 0.0100826 0.449967
0 0.589166 0.903646 0.028418 0.0119099 0.449673
0 0.763212 0.786042 0.0188824 0.011491 0.445174
0 0.974912 0.521097 0.0313767 0.0111393 0.44516
0 0.22505 0.578121 0.0351189 0.0215504 0.444938
0 0.32155 0.709376 0.018178 0.00987042 0.443663
0 0.572378 0.969319 0.0334129 0.0193103 0.443139
0 0.400431 0.809236 0.0440275 0.0343503 0.441802
0 0.565498 0.798516 0.120111 0.0220893 0.430503
0 0.611245 0.8295 0.0768018 0.0410465 0.42859
0 0.74926 0.881243 0.0450731 0.0160423 0.427285
0 0.2192 0.60897 0.0192692 0.011397 0.425724
0 0.900481 0.473714 0.0217726 0.0161781 0.423475
0 0.891427 0.77197 0.0340773 0.0127042 0.423314
0 0.35927 0.489252 0.0162101 0.011063 0.422409
0 0.0316654 0.512952 0.0279897 0.0256991 0.420248
0 0.885105 0.93331 0.068928 0.0351932 0.417904
0 0.574581 0.757893 0.0391707 0.0356411 0.417066
0 0.754137 0.676603 0.0243896 0.0132446 0.415492
0 0.77623 0.768772 0.0292541 0.0116767 0.414521
0 0.299687 0.856261 0.0607974 0.0228428 0.414488
0 0.798685 0.852825 0.0782921 0.0508243 0.414475
0 0.7196 0.451285 0.0207335 0.0172951 0.412002
0 0.803011 0.949504 0.0377179 0.0166428 0.409858
0 0.873813 0.494763 0.0194726 0.0100574 0.404449
0 0.830164 0.925782 0.0636176 0.0255623 0.404034
0 0.954267 0.46176 0.0298879 0.0152126 0.401509
0 0.105276 0.635772 0.0207086 0.011092 0.401175
0 0.754643 0.905348 0.0537325 0.0178461 0.400121
0 0.6614 0.659281 0.0217381 0.011626 0.400102
0 0.0741999 0.9534 0.0272064 0.011853 0.398957
0 0.895463 0.704645 0.0192072 0.0109825 0.396579
0 0.216444 0.896883 0.0281204 0.0192331 0.396131
0 0.662885 0.875167 0.0451219 0.0301279 0.395856
0 0.352153 0.611329 0.0167349 0.0122336 0.394268
0 0.852005 0.868565 0.0180297 0.0149502 0.393019
0 0.279363 0.708888 0.0241063 0.0108805 0.392715
0 0.888884 0.971317 0.0632282 0.0337704 0.389476
0 0.0528408 0.713836 0.0242714 0.0108004 0.388737
0 0.223401 0.639179 0.0334074 0.0240355 0.387168
0 0.57587 0.953867 0.0393805 0.0491432 0.383505
0 0.864572 0.672912 0.0395465 0.0150875 0.378435
0 0.304532 0.565436 0.0200875 0.00842543 0.372759
0 0.35887 0.737554 0.0247953 0.0173191 0.371494
0 0.53284 0.55064 0.0188621 0.0153454 0.368746
0 0.198047 0.487647 0.0235523 0.0155516 0.36783
0 0.605109 0.472545 0.0192555 0.0160933 0.365195
0 0.145046 0.75632 0.0257815 0.0175467 0.364181
0 0.482945 0.470507 0.0229008 0.0115871 0.351544
0 0.478589 0.712351 0.0791364 0.0331486 0.351543
0 0.217667 0.608585 0.0235838 0.0134027 0.351407
0 0.268726 0.837483 0.0173725 0.0117451 0.350024
0 0.0355946 0.72226 0.0273006 0.00854967 0.349979
0 0.256879 0.433653 0.0144472 0.00935212 0.348386
0 0.42238 0.813409 0.0389716 0.0284253 0.347705
0 0.590516 0.619871 0.0330182 0.0136314 0.346659
0 0.782895 0.868457 0.042259 0.0202114 0.346344
0 0.0805954 0.690534 0.0126578 0.0203876 0.341869
0 0.971296 0.895585 0.0313465 0.00886077 0.33894
0 0.371923 0.899562 0.0214654 0.0157789 0.338772
0 0.184042 0.447349 0.027331 0.0110064 0.337245
0 0.0565856 0.875625 0.0207323 0.012298 0.332569
0 0.420558 0.659996 0.0420206 0.0172106 0.330981
0 0.286481 0.856291 0.0328437 0.0206081 0.329636
0 0.947929 0.673786 0.0215326 0.0144041 0.322229
0 0.14786 0.498526 0.0239981 0.0114256 0.320644
0 0.0285427 0.889974 0.0570853 0.0419651 0.318664
0 0.772642 0.971958 0.044637 0.0272175 0.318251
0 0.183843 0.52187 0.0263535 0.0133928 0.314673
0 0.291066 0.917774 0.0128759 0.00763771 0.3112
0 0.248228 0.58008 0.017038 0.00890164 0.309231
0 0.73614 0.972438 0.049291 0.0350105 0.308143
0 0.833623 0.638294 0.0332558 0.018896 0.307994
0 0.619962 0.816883 0.0405544 0.0142328 0.307512
0 0.378394 0.831083 0.018663 0.019879 0.306952
0 0.0370171 0.901849 0.0383592 0.0158592 0.306695
