0 0.86502 0.81385 0.123384 0.0224333 0.871223
0 0.567783 0.893439 0.0788134 0.0292911 0.868283
0 0.481177 0.902032 0.0641204 0.0240845 0.864826
0 0.505713 0.857039 0.03658 0.0292279 0.857936
0 0.0253688 0.745366 0.046746 0.0172667 0.83751
0 0.434505 0.852386 0.0918322 0.0220625 0.824561
0 0.229544 0.786558 0.0388191 0.0176062 0.823503
0 0.880837 0.893298 0.0733733 0.0310074 0.819809
0 0.446961 0.82371 0.0544738 0.0249108 0.808351
0 0.711706 0.8783 0.0448577 0.024242 0.785659
0 0.339604 0.730309 0.0548354 0.0143719 0.754891
0 0.507612 0.682131 0.0327644 0.0199602 0.73155
0 0.346136 0.851523 0.053857 0.0212105 0.721116
0 0.389073 0.627768 0.0453211 0.0177365 0.717494
0 0.540294 0.75124 0.040447 0.0143395 0.714937
0 0.24065 0.696957 0.0296961 0.0166521 0.706468
0 0.362275 0.79625 0.0325666 0.0133428 0.678522
0 0.758059 0.727718 0.0374783 0.0261637 0.657558
0 0.175062 0.676479 0.037166 0.0136948 0.640087
0 0.808261 0.891199 0.0213306 0.0121536 0.633927
0 0.753631 0.796361 0.0230465 0.0120004 0.602149
0 0.09303 0.753355 0.0806935 0.0200538 0.582539
0 0.594475 0.796431 0.0250411 0.0148409 0.558129
0 0.960625 0.78794 0.0203602 0.00968506 0.534718
0 0.5348 0.830835 0.0220342 0.0129988 0.529914
0 0.140997 0.588017 0.0220632 0.00830209 0.490953
0 0.689962 0.728774 0.0456743 0.0139494 0.490295
0 0.546725 0.615626 0.0235137 0.0095147 0.457253
0 0.299386 0.922358 0.0558656 0.0230706 0.457145
0 0.180161 0.805272 0.0639649 0.0244123 0.451123
0 0.635138 0.546032 0.0250183 0.0191349 0.439455
0 0.131811 0.783541 0.161437 0.0682737 0.420476
0 0.236235 0.62178 0.0189265 0.0120884 0.410047
0 0.0692464 0.856484 0.0205813 0.0089426 0.401817
0 0.134864 0.778696 0.0318944 0.029644 0.390391
0 0.640025 0.87049 0.0166487 0.00996166 0.386055
0 0.298721 0.72025 0.0169937 0.00716485 0.38095
0 0.0799856 0.627794 0.0198651 0.00898627 0.379973
0 0.0800557 0.810842 0.0207531 0.0119057 0.370884
0 0.41306 0.682413 0.0228371 0.0134377 0.366779
0 0.94824 0.728352 0.0166359 0.0108129 0.348058
0 0.563741 0.722555 0.0231313 0.0122487 0.34101
0 0.518367 0.61662 0.0222915 0.0113063 0.337583
0 0.0542262 0.69436 0.020279 0.0146539 0.333791
0 0.163102 0.790404 0.0965623 0.0530235 0.331179
0 0.149061 0.779148 0.0655881 0.0350722 0.3291
0 0.750324 0.601302 0.0315427 0.0111249 0.314364
0 0.874683 0.638016 0.0192099 0.013781 0.309251
0 0.38324 0.859244 0.015214 0.00863381 0.270169
0 0.667292 0.827862 0.0182901 0.00826298 0.251907
