0 0.564458 0.822862 0.0464256 0.0177363 0.848187
0 0.269892 0.85309 0.0444852 0.0207313 0.841073
0 0.740111 0.857341 0.039453 0.0196212 0.832684
0 0.4442 0.841449 0.0401967 0.0159565 0.82228
0 0.373333 0.834759 0.0356853 0.0190109 0.818521
0 0.567169 0.872211 0.0358444 0.0160251 0.807614
0 0.691804 0.807008 0.052926 0.019809 0.807101
0 0.644261 0.72981 0.0369087 0.0164919 0.785646
0 0.264187 0.667304 0.0246133 0.017815 0.767822
0 0.492939 0.812658 0.0405401 0.018013 0.766809
0 0.371628 0.859952 0.0272157 0.016958 0.727137
0 0.592749 0.798303 0.0193107 0.0186299 0.716477
0 0.496468 0.868774 0.0307075 0.0239691 0.712347
0 0.589765 0.769523 0.0252884 0.0115414 0.702264
0 0.352582 0.695494 0.0263292 0.016223 0.694225
0 0.15859 0.74654 0.0238774 0.013597 0.688777
0 0.25187 0.584054 0.0279667 0.0158155 0.688119
0 0.729827 0.765363 0.0252121 0.0122292 0.683999
0 0.0383601 0.716085 0.0248175 0.00986947 0.680004
0 0.666438 0.708688 0.0238484 0.0118251 0.674139
0 0.0317142 0.833422 0.0272694 0.011607 0.664823
0 0.0638127 0.744054 0.0221118 0.0100143 0.6648
0 0.567546 0.662293 0.0198389 0.010565 0.658911
0 0.331321 0.838659 0.0244971 0.0133282 0.646647
0 0.19332 0.863563 0.0303768 0.014233 0.618229
0 0.534143 0.747499 0.031877 0.012735 0.607995
0 0.816118 0.769953 0.0265029 0.00962466 0.605042
0 0.610921 0.687885 0.024883 0.0112108 0.601032
0 0.237389 0.757192 0.022708 0.013763 0.600452
0 0.359099 0.721117 0.0237588 0.0101418 0.590955
0 0.679775 0.849015 0.0196403 0.0140114 0.524942
0 0.11492 0.852161 0.0201997 0.0160522 0.521621
0 0.78927 0.839075 0.0231894 0.00872342 0.512738
0 0.757078 0.707563 0.0220511 0.0108641 0.476111
0 0.789117 0.866428 0.023341 0.00855858 0.468039
0 0.422857 0.796831 0.0188056 0.0101109 0.447216
0 0.0223725 0.619366 0.021667 0.011436 0.447196
0 0.345627 0.529519 0.0215566 0.0110411 0.445271
0 0.338036 0.820839 0.0302816 0.0119548 0.336344
0 0.293091 0.658003 0.0154089 0.00840016 0.256806
