0 0.868947 0.753458 0.098049 0.0312796 0.905623
0 0.533205 0.739692 0.0808003 0.0356611 0.891867
0 0.886441 0.807408 0.0632307 0.0340214 0.889671
0 0.76006 0.845185 0.117308 0.0309974 0.872692
0 0.645668 0.839125 0.0623619 0.0304768 0.870577
0 0.684254 0.759491 0.0486161 0.0281804 0.845046
0 0.352527 0.61835 0.0434667 0.0263118 0.840812
0 0.835916 0.855323 0.0563528 0.0334682 0.825945
0 0.35772 0.67211 0.0589422 0.0228517 0.82314
0 0.452453 0.839582 0.0443807 0.0255147 0.811483
0 0.728523 0.817102 0.0247499 0.0238818 0.802805
0 0.74112 0.740004 0.0299328 0.0226202 0.783481
0 0.323068 0.778627 0.0369471 0.0192459 0.779181
0 0.126196 0.818461 0.0282808 0.0179488 0.778744
0 0.241656 0.823805 0.0446254 0.0196468 0.768464
0 0.087013 0.713541 0.0379872 0.019149 0.764769
0 0.140657 0.844182 0.0275107 0.0135834 0.74837
0 0.820494 0.676609 0.0390249 0.0192884 0.747705
0 0.163725 0.825374 0.0317363 0.0169117 0.746799
0 0.0515561 0.780108 0.0420853 0.0132668 0.745938
0 0.483324 0.872439 0.0862874 0.0428238 0.726469
0 0.664632 0.724016 0.0558672 0.0256618 0.721953
0 0.463538 0.727184 0.0207009 0.015289 0.706925
0 0.121486 0.646186 0.0280833 0.0128082 0.684898
0 0.930516 0.740348 0.0260714 0.00979492 0.672301
0 0.245092 0.865918 0.0337293 0.0124836 0.663693
0 0.771392 0.762143 0.0182171 0.0165238 0.586633
0 0.510152 0.823907 0.0527027 0.0364502 0.573171
0 0.409346 0.585802 0.0233834 0.015905 0.569733
0 0.976293 0.735368 0.0431824 0.0299599 0.563744
0 0.0140007 0.739519 0.0260283 0.0131753 0.540245
0 0.509959 0.812552 0.0549976 0.0597202 0.536784
0 0.772847 0.658352 0.0235254 0.00863783 0.527119
0 0.59684 0.806451 0.0213444 0.0130749 0.521898
0 0.359761 0.857389 0.0225858 0.0113242 0.511452
0 0.626783 0.800445 0.0195257 0.015392 0.469291
0 0.31882 0.554223 0.0212661 0.0141353 0.462975
0 0.61248 0.823696 0.0208013 0.0116378 0.430208
0 0.867398 0.634833 0.0212982 0.0129383 0.399679
0 0.217316 0.677608 0.0281869 0.0113809 0.39465
0 0.776907 0.73475 0.0205509 0.0107019 0.378379
0 0.694584 0.82374 0.0231855 0.014857 0.373073
0 0.906726 0.589625 0.0168833 0.00723447 0.339395
0 0.515949 0.682085 0.0135464 0.00902059 0.311716
0 0.178911 0.863486 0.0183603 0.00772461 0.300207
0 0.404426 0.837845 0.0181306 0.0140114 0.299208
0 0.345512 0.736135 0.011605 0.011627 0.298557
0 0.869191 0.683687 0.0151171 0.00935538 0.296639
0 0.0869344 0.52649 0.0243525 0.0110584 0.265387
0 0.306267 0.693117 0.0178772 0.0132105 0.262467
0 0.221578 0.878556 0.0360183 0.020871 0.254233
