0 0.872332 0.79442 0.0760471 0.0496004 0.91935
0 0.060423 0.728315 0.085878 0.0411618 0.914771
0 0.548083 0.731207 0.129883 0.0550932 0.910738
0 0.720713 0.609847 0.0778395 0.0642221 0.91026
0 0.639662 0.695725 0.109037 0.053468 0.909182
0 0.911588 0.679174 0.0916539 0.0744122 0.906734
0 0.492024 0.552642 0.114748 0.0479425 0.902035
0 0.69712 0.879898 0.0688662 0.034777 0.900419
0 0.288143 0.744434 0.181548 0.0914551 0.894732
0 0.81591 0.806655 0.0554176 0.050658 0.894598
0 0.397622 0.574517 0.0813132 0.0339775 0.893873
0 0.158998 0.706936 0.153625 0.0586799 0.892856
0 0.243282 0.633448 0.107338 0.0400831 0.889123
0 0.118157 0.624925 0.0729485 0.0683344 0.874288
0 0.832695 0.510853 0.124644 0.0453493 0.862182
0 0.893551 0.833855 0.0501281 0.0238746 0.849645
0 0.626486 0.939406 0.0517173 0.0436652 0.844211
0 0.714774 0.78682 0.068235 0.0356438 0.842217
0 0.600304 0.625319 0.106331 0.0874977 0.837832
0 0.75565 0.455028 0.0548989 0.0322838 0.835947
0 0.353522 0.894852 0.0955261 0.0538194 0.834604
0 0.0735395 0.646473 0.034847 0.0132252 0.832433
0 0.397356 0.622576 0.0327771 0.0206192 0.826273
0 0.294199 0.582848 0.0881745 0.047476 0.822824
0 0.506823 0.485608 0.0757231 0.0319921 0.822473
0 0.156185 0.822127 0.0701638 0.0328224 0.821729
0 0.551841 0.93191 0.112797 0.0618073 0.81606
0 0.370453 0.863429 0.0424513 0.0241379 0.812851
0 0.672237 0.731108 0.0671939 0.0339714 0.810391
0 0.295183 0.852003 0.0731603 0.0287166 0.802591
0 0.459354 0.470514 0.0834297 0.0298956 0.79837
0 0.498083 0.783451 0.0399433 0.0218234 0.794774
0 0.804468 0.765607 0.035389 0.0326345 0.793413
0 0.761861 0.840188 0.122326 0.0671086 0.792438
0 0.608473 0.87269 0.0391223 0.0275836 0.792266
0 0.66315 0.627123 0.0338242 0.0243994 0.784418
0 0.0299239 0.59044 0.0527182 0.0152462 0.782593
0 0.310676 0.681085 0.0768228 0.0508934 0.77743
0 0.2091 0.479779 0.052959 0.0372698 0.776332
0 0.925227 0.721643 0.058447 0.0259752 0.774897
0 0.325803 0.495994 0.039845 0.0214628 0.774624
0 0.258201 0.812266 0.0629705 0.0299111 0.77457
0 0.687027 0.519743 0.0520196 0.0295586 0.77378
0 0.936707 0.475795 0.0421194 0.0246647 0.770669
0 0.393023 0.788148 0.101728 0.0641621 0.76988
0 0.746173 0.763771 0.0266818 0.01819 0.769651
0 0.774206 0.723455 0.115337 0.0323767 0.767554
0 0.651358 0.903154 0.0533522 0.0181706 0.765279
0 0.345133 0.823244 0.0813089 0.0368489 0.763024
0 0.163009 0.799673 0.079839 0.0343905 0.759785
0 0.684377 0.766196 0.0500304 0.0212804 0.758012
0 0.850266 0.750407 0.0730419 0.0372202 0.757692
0 0.606388 0.809005 0.11094 0.0681906 0.754982
0 0.271165 0.510526 0.0692884 0.0248159 0.754065
0 0.590728 0.515354 0.0496349 0.0805707 0.75378
0 0.872978 0.605645 0.0401721 0.0155027 0.749412
0 0.906432 0.914582 0.0541338 0.0258276 0.749328
0 0.553455 0.593803 0.0345265 0.0213823 0.748243
0 0.810509 0.883695 0.0633639 0.0292191 0.74754
0 0.85778 0.860823 0.0647652 0.0285172 0.744757
0 0.834806 0.639199 0.0514402 0.0206042 0.74159
0 0.216119 0.90445 0.0496405 0.0189364 0.740822
0 0.226284 0.588163 0.0242882 0.0207193 0.734689
0 0.742988 0.528096 0.0367936 0.0237015 0.730865
0 0.900194 0.58738 0.0531338 0.017783 0.729868
0 0.270002 0.620126 0.0448764 0.0170319 0.729026
0 0.81905 0.409168 0.0335984 0.0138988 0.728136
0 0.249341 0.860388 0.0602053 0.0208115 0.727803
0 0.933288 0.772307 0.0378734 0.0137611 0.724765
0 0.79821 0.576627 0.0415041 0.0213979 0.722756
0 0.277774 0.912108 0.0300104 0.0236966 0.7182
0 0.203882 0.666281 0.036345 0.0161434 0.717128
0 0.130804 0.770364 0.0720424 0.0374132 0.717032
0 0.0535885 0.683113 0.08332 0.0451258 0.715902
0 0.625183 0.771265 0.0411397 0.0218064 0.713799
0 0.671199 0.842924 0.077157 0.0439369 0.705762
0 0.906822 0.550991 0.178505 0.0619432 0.70487
0 0.123651 0.467987 0.0267599 0.0128976 0.704329
0 0.135738 0.403096 0.0257705 0.0207295 0.703756
0 0.325228 0.621329 0.0385147 0.0298785 0.701076
0 0.803732 0.67918 0.107097 0.0585963 0.697506
0 0.167337 0.527544 0.0333114 0.020685 0.694546
0 0.130195 0.552533 0.0387141 0.0151426 0.692766
0 0.359661 0.459258 0.0318148 0.0245342 0.691674
0 0.338834 0.524783 0.0307552 0.0355206 0.672321
0 0.500791 0.83751 0.10359 0.0630472 0.66816
0 0.208511 0.82517 0.0288153 0.0336506 0.666124
0 0.053172 0.909317 0.0412764 0.014095 0.662648
0 0.251987 0.548707 0.0408827 0.0193377 0.659721
0 0.20797 0.549582 0.0307064 0.0321149 0.659001
0 0.47258 0.662528 0.148766 0.067943 0.657948
0 0.48755 0.894027 0.168431 0.0885312 0.646098
0 0.697639 0.462672 0.0261676 0.0227159 0.642767
0 0.964729 0.723925 0.0292369 0.0264347 0.638859
0 0.687184 0.43298 0.0343868 0.0135975 0.624725
0 0.865602 0.692265 0.0293985 0.0119764 0.613698
0 0.831477 0.366652 0.0344217 0.0115778 0.610969
0 0.858443 0.722425 0.0249437 0.0139446 0.610747
0 0.148271 0.577398 0.0409958 0.0208873 0.608614
0 0.595403 0.565841 0.0272223 0.0188788 0.608444
0 0.571314 0.790383 0.0573133 0.0223229 0.589155
0 0.226197 0.928657 0.0700764 0.0281534 0.583034
0 0.436859 0.412438 0.0337449 0.0179838 0.577235
0 0.933689 0.443996 0.0293795 0.0187095 0.573816
0 0.337426 0.566138 0.0201115 0.014317 0.560877
0 0.551832 0.774946 0.0317364 0.0166386 0.559528
0 0.174798 0.740747 0.04714 0.0219315 0.557701
0 0.30467 0.807283 0.0262864 0.0155889 0.544871
0 0.97164 0.611087 0.0533029 0.0455881 0.539764
0 0.419724 0.512473 0.0654939 0.0198478 0.529617
0 0.14375 0.43426 0.0208028 0.0204035 0.527699
0 0.753169 0.40276 0.0460898 0.0301009 0.521181
0 0.293822 0.829057 0.0235276 0.0148231 0.511235
0 0.966513 0.441292 0.0329296 0.0211248 0.498379
0 0.945999 0.513842 0.0231518 0.0171351 0.497645
0 0.120487 0.852663 0.230869 0.114113 0.49739
0 0.974146 0.695243 0.0485145 0.0136401 0.496125
0 0.254954 0.903289 0.0146318 0.0119942 0.494803
0 0.410572 0.514009 0.0466842 0.0169629 0.488912
0 0.717829 0.691666 0.0220073 0.0111565 0.487039
0 0.797753 0.545963 0.0181849 0.00929697 0.484825
0 0.930541 0.419253 0.055611 0.021653 0.482797
0 0.266236 0.461069 0.0234411 0.0131779 0.478302
0 0.93252 0.411556 0.05693 0.0372133 0.467833
0 0.362637 0.601871 0.024244 0.0114445 0.460506
0 0.147163 0.369254 0.0247029 0.0157648 0.457564
0 0.46785 0.807591 0.0467634 0.0357954 0.456853
0 0.69733 0.705334 0.0203181 0.00914858 0.455941
0 0.768501 0.554289 0.0176171 0.0131729 0.455537
0 0.222169 0.733799 0.0398444 0.0130668 0.455481
0 0.172194 0.61174 0.0289953 0.0117009 0.431036
0 0.181923 0.572192 0.0271426 0.00964392 0.429881
0 0.782232 0.604445 0.0247036 0.0126545 0.429404
0 0.410211 0.716686 0.023721 0.00866708 0.421502
0 0.0261954 0.619173 0.0248627 0.00842611 0.413448
0 0.443632 0.816652 0.0923012 0.0529917 0.413422
0 0.986906 0.374738 0.0230919 0.0182693 0.41067
0 0.374069 0.739088 0.0185729 0.0116737 0.39654
0 0.670005 0.499897 0.084908 0.0332662 0.395291
0 0.968299 0.762597 0.063087 0.0439073 0.386903
0 0.0174842 0.455002 0.0230025 0.011426 0.380833
0 0.460864 0.763465 0.017315 0.0124885 0.379166
0 0.959087 0.874063 0.0803109 0.0638794 0.362496
0 0.703015 0.493655 0.152542 0.0491165 0.345056
0 0.0328699 0.654497 0.0213747 0.0114776 0.336169
0 0.576214 0.881962 0.0175876 0.0174363 0.336122
0 0.836485 0.916725 0.0184015 0.0143297 0.332931
0 0.62036 0.478051 0.0392312 0.0140412 0.318894
0 0.0488109 0.67056 0.0743781 0.0199091 0.316066
0 0.692669 0.365063 0.0240237 0.0177416 0.315182
0 0.661356 0.478684 0.0187199 0.0181864 0.310565
0 0.87695 0.469527 0.0164881 0.0167187 0.309328
0 0.368821 0.685931 0.104097 0.0476584 0.289245
0 0.509752 0.641951 0.0796466 0.026095 0.285458
0 0.616446 0.445022 0.0203091 0.0121263 0.284788
0 0.316385 0.949663 0.112819 0.0540905 0.284738
0 0.0510636 0.674893 0.078841 0.0286007 0.28409
0 0.718901 0.505108 0.0260668 0.0150919 0.283538
0 0.410721 0.870935 0.0239257 0.0134975 0.28275
0 0.145104 0.759494 0.1087 0.0591667 0.281413
0 0.546371 0.524267 0.022466 0.0121379 0.281017
0 0.10068 0.360277 0.0277031 0.0102887 0.279594
0 0.651033 0.49864 0.0519695 0.0329236 0.276365
0 0.348012 0.683081 0.151641 0.0526035 0.274676
0 0.308927 0.719064 0.022899 0.0137734 0.272663
0 0.727331 0.925676 0.110762 0.0822493 0.266922
0 0.916255 0.383972 0.0212606 0.0106783 0.259697
0 0.938506 0.390314 0.0658187 0.0243943 0.255354
