0 0.492449 0.843438 0.0547314 0.0359062 0.874057
0 0.902036 0.746497 0.0552324 0.0365448 0.866907
0 0.232299 0.844333 0.0662401 0.040144 0.860471
0 0.580971 0.785149 0.0877683 0.0366038 0.852051
0 0.389347 0.852521 0.0568321 0.0185617 0.851215
0 0.747369 0.770623 0.0598633 0.0225968 0.841031
0 0.336294 0.818253 0.0524688 0.028331 0.834821
0 0.81324 0.728769 0.0770278 0.0285348 0.810241
0 0.310706 0.868828 0.0599255 0.0333412 0.808736
0 0.183909 0.804434 0.0570602 0.0160265 0.807222
0 0.409809 0.820964 0.0298326 0.0168509 0.805559
0 0.773666 0.841408 0.0288282 0.0191837 0.801757
0 0.118002 0.807482 0.0375435 0.0738213 0.776501
0 0.135233 0.862576 0.0789991 0.0294578 0.774499
0 0.964172 0.780666 0.0492483 0.01366 0.761627
0 0.686835 0.854788 0.0422628 0.0213374 0.739341
0 0.757501 0.818776 0.0294959 0.0193705 0.735305
0 0.663032 0.681743 0.0330889 0.0145641 0.733286
0 0.406501 0.568009 0.0326152 0.0130203 0.729672
0 0.88038 0.827692 0.0294033 0.0126862 0.724624
0 0.466816 0.629446 0.0271624 0.0116686 0.715801
0 0.574404 0.828859 0.0985955 0.0300373 0.701208
0 0.953203 0.642448 0.0606625 0.013345 0.699839
0 0.0469536 0.854875 0.0484777 0.0189835 0.691845
0 0.0438842 0.561042 0.0228554 0.0195851 0.689357
0 0.0382754 0.802807 0.0747523 0.0204728 0.675002
0 0.266994 0.766837 0.0419106 0.0157285 0.665169
0 0.445829 0.84327 0.0332823 0.0127159 0.655547
0 0.193495 0.654468 0.0313016 0.0170999 0.632426
0 0.447529 0.817538 0.015916 0.0149933 0.609687
0 0.909581 0.806877 0.0653987 0.0287878 0.60863
0 0.821799 0.778273 0.0279485 0.0121238 0.586953
0 0.44614 0.839386 0.0330541 0.0215356 0.549703
0 0.560527 0.854433 0.0310658 0.030324 0.546705
0 0.821634 0.663972 0.0250677 0.0095784 0.533947
0 0.664029 0.750888 0.0426404 0.0131386 0.531041
0 0.590542 0.866403 0.0248534 0.0127067 0.5133
0 0.720189 0.645703 0.0260882 0.00974148 0.508216
0 0.609475 0.736229 0.0190244 0.00787557 0.455366
0 0.839625 0.81031 0.0183582 0.0107289 0.422722
0 0.870684 0.796626 0.0404274 0.0177105 0.421087
0 0.554183 0.854143 0.0456649 0.0306541 0.418767
0 0.290175 0.659532 0.0208428 0.00959721 0.415448
0 0.857466 0.664081 0.0251745 0.0103592 0.412316
0 0.895673 0.805625 0.093465 0.0327084 0.346989
0 0.267736 0.762128 0.0436793 0.0254682 0.331492
0 0.287467 0.698274 0.0173179 0.0125908 0.280581
0 0.988561 0.746717 0.0205742 0.0148361 0.256566
