0 0.787243 0.815456 0.194617 0.0747009 0.895832
0 0.0670024 0.740539 0.0889519 0.0248432 0.868876
0 0.436258 0.782491 0.073275 0.0301368 0.867711
0 0.239111 0.718304 0.0532459 0.0229029 0.86353
0 0.774376 0.771002 0.0495522 0.0382578 0.858735
0 0.569932 0.809589 0.04672 0.0320095 0.854989
0 0.709973 0.743458 0.0753833 0.0339552 0.854808
0 0.769176 0.658439 0.0420663 0.029418 0.85325
0 0.875889 0.556154 0.0333926 0.0152238 0.846174
0 0.64488 0.811018 0.0621603 0.0316763 0.83829
0 0.316858 0.749068 0.0544564 0.0163031 0.836403
0 0.688967 0.822137 0.0474015 0.0273301 0.833888
0 0.347291 0.705692 0.0851055 0.0314569 0.833279
0 0.647241 0.691474 0.0429849 0.0232883 0.832193
0 0.703054 0.62154 0.0434091 0.021188 0.831996
0 0.950195 0.641593 0.0742912 0.0214586 0.831163
0 0.818011 0.7388 0.0535993 0.0223886 0.827238
0 0.63044 0.770157 0.0408015 0.0229536 0.825081
0 0.866459 0.794549 0.0645167 0.0273004 0.822017
0 0.705206 0.712367 0.043417 0.02391 0.819904
0 0.654094 0.745354 0.0307132 0.0192526 0.817067
0 0.211659 0.758195 0.0270005 0.0157634 0.807354
0 0.49145 0.751136 0.0990824 0.0262648 0.800353
0 0.208492 0.614598 0.088519 0.0264114 0.800342
0 0.86601 0.731766 0.0458394 0.0397786 0.790067
0 0.234713 0.795362 0.0751677 0.0358525 0.784873
0 0.453271 0.644248 0.0255455 0.0167622 0.772349
0 0.527665 0.676532 0.0599991 0.0218486 0.753817
0 0.915165 0.792728 0.0287473 0.0159682 0.753742
0 0.516693 0.597658 0.0598509 0.0165979 0.726918
0 0.955956 0.739548 0.0351519 0.0161062 0.716803
0 0.130031 0.805195 0.0916182 0.04452 0.705143
0 0.2043 0.821016 0.0627131 0.0447205 0.701473
0 0.382596 0.752356 0.0235986 0.011816 0.679974
0 0.899047 0.718454 0.0256492 0.017715 0.672795
0 0.706595 0.653601 0.0232725 0.0143835 0.669199
0 0.412422 0.649642 0.0247755 0.0169935 0.667118
0 0.314889 0.597421 0.0241073 0.0198335 0.660965
0 0.585434 0.731451 0.0249188 0.0111754 0.644307
0 0.783417 0.705748 0.0224233 0.0144671 0.634053
0 0.145041 0.723455 0.01797 0.0168537 0.624406
0 0.574738 0.693475 0.0719032 0.0443489 0.613826
0 0.27459 0.693733 0.0214377 0.0142274 0.589639
0 0.624692 0.608331 0.0232309 0.0113268 0.585844
0 0.953552 0.685655 0.0244756 0.013117 0.579969
0 0.400806 0.530062 0.0230625 0.0147446 0.57996
0 0.653951 0.597319 0.0320983 0.012998 0.579671
0 0.0238708 0.781227 0.0477416 0.0500901 0.574007
0 0.971706 0.766557 0.0268482 0.0123429 0.568665
0 0.822608 0.671625 0.0233532 0.0298244 0.564756
0 0.787876 0.51046 0.0347846 0.0108176 0.563721
0 0.812926 0.772362 0.0217162 0.0111114 0.555058
0 0.580681 0.709753 0.0340913 0.0175643 0.544481
0 0.145011 0.562177 0.0493053 0.0107124 0.540652
0 0.896134 0.610087 0.0276854 0.0125584 0.529152
0 0.276161 0.508292 0.027583 0.011129 0.519916
0 0.912034 0.536358 0.0169222 0.00951864 0.515134
0 0.640858 0.528303 0.0223407 0.00967579 0.500654
0 0.531712 0.846756 0.101508 0.0405197 0.494965
0 0.552715 0.846457 0.142676 0.0403678 0.489956
0 0.618052 0.580743 0.0290679 0.00760593 0.488164
0 0.540334 0.505725 0.0212865 0.00946981 0.461511
0 0.979014 0.716258 0.0410773 0.0319259 0.457053
0 0.0469932 0.811117 0.0750271 0.0453537 0.434606
0 0.415764 0.607283 0.0222328 0.0134604 0.424092
0 0.738445 0.585232 0.014817 0.0085277 0.421715
0 0.931803 0.762442 0.0278095 0.0132845 0.417782
0 0.60399 0.848643 0.046052 0.0314632 0.408103
0 0.0498644 0.698836 0.0259806 0.0134962 0.40464
0 0.975467 0.583151 0.0250764 0.00816917 0.369737
0 0.151213 0.607133 0.025464 0.0124518 0.34964
0 0.608073 0.740596 0.0312462 0.0095114 0.329727
0 0.622171 0.477556 0.0257777 0.0120331 0.304467
0 0.833217 0.649851 0.0188202 0.0175766 0.300445
0 0.833748 0.487531 0.0233009 0.0130489 0.275461
0 0.48757 0.45978 0.0219388 0.0130227 0.272358
0 0.941306 0.705558 0.0210305 0.0107946 0.270902
