0 0.091042 0.811625 0.113719 0.0506069 0.904539
0 0.87143 0.886893 0.0849351 0.0368732 0.897068
0 0.713561 0.870412 0.192385 0.0638849 0.886609
0 0.440863 0.709691 0.0693441 0.0368933 0.873713
0 0.0691758 0.692245 0.0575636 0.0220363 0.861965
0 0.582866 0.883451 0.051588 0.0241142 0.854554
0 0.852231 0.830485 0.0452947 0.0227173 0.843122
0 0.863909 0.662617 0.0634267 0.0281086 0.841555
0 0.508284 0.895014 0.0857646 0.030787 0.837778
0 0.346161 0.874557 0.0396648 0.0206017 0.82152
0 0.357942 0.796402 0.0448077 0.0147909 0.815043
0 0.543846 0.797716 0.0847562 0.0451158 0.808895
0 0.944701 0.789889 0.0516427 0.0170797 0.798603
0 0.323063 0.821329 0.045723 0.019991 0.794631
0 0.654844 0.72741 0.0651704 0.0233637 0.789482
0 0.292061 0.910684 0.111868 0.0526142 0.782071
0 0.18024 0.567919 0.03206 0.018046 0.770732
0 0.276492 0.730619 0.0468919 0.0181652 0.764838
0 0.52507 0.749073 0.0306545 0.0153374 0.750315
0 0.895088 0.54307 0.0393674 0.0134376 0.749493
0 0.25731 0.848712 0.0821547 0.0463566 0.740766
0 0.0516104 0.596942 0.0258229 0.0126362 0.72447
0 0.304507 0.771472 0.0759878 0.0306282 0.712033
0 0.595437 0.746399 0.0233362 0.0175414 0.688557
0 0.191212 0.617719 0.0224974 0.009705 0.662967
0 0.155695 0.718617 0.0239999 0.0136521 0.595484
0 0.417162 0.912398 0.0737946 0.0434132 0.591516
0 0.681598 0.81216 0.0301499 0.0100864 0.541363
0 0.703564 0.514388 0.0318513 0.00878323 0.502077
0 0.615292 0.771075 0.0188083 0.01022 0.493627
0 0.306734 0.838951 0.0199423 0.0121228 0.488155
0 0.446456 0.88177 0.0298391 0.0211309 0.487943
0 0.228046 0.780995 0.0205372 0.00855487 0.463701
0 0.529981 0.592739 0.0264269 0.00814494 0.451532
0 0.402028 0.829105 0.0171665 0.0117499 0.448177
0 0.237629 0.87391 0.0625282 0.0282955 0.435731
0 0.989866 0.777068 0.0163096 0.012272 0.435639
0 0.81364 0.891689 0.0214575 0.0148235 0.42356
0 0.4194 0.902535 0.0789973 0.0633814 0.423088
0 0.664571 0.674432 0.0333675 0.013683 0.359219
0 0.323053 0.767165 0.038928 0.0207898 0.328605
0 0.33799 0.617997 0.0150131 0.0123654 0.290691
