0 0.696293 0.801009 0.16136 0.0998875 0.947387
0 0.866287 0.84742 0.14477 0.0962284 0.943968
0 0.848235 0.742509 0.0680166 0.0489668 0.930073
0 0.383143 0.848251 0.12071 0.0586006 0.927494
0 0.480733 0.835508 0.0792536 0.049009 0.921073
0 0.764052 0.843687 0.0963485 0.0538319 0.906096
0 0.491175 0.762086 0.118561 0.0343454 0.895587
0 0.153817 0.830772 0.0930222 0.0387795 0.877847
0 0.727702 0.605884 0.101071 0.0385291 0.877233
0 0.0536205 0.807636 0.105285 0.0605561 0.872057
0 0.898202 0.894445 0.100547 0.0520745 0.868481
0 0.114678 0.651199 0.0525224 0.047044 0.859408
0 0.551743 0.87766 0.0403815 0.0339741 0.857309
0 0.278336 0.809395 0.0594333 0.0302387 0.853433
0 0.148066 0.898402 0.0789548 0.0416057 0.84164
0 0.612435 0.891465 0.0918653 0.0451691 0.831919
0 0.419075 0.722131 0.0511835 0.0220013 0.831267
0 0.955291 0.641702 0.0839069 0.0313234 0.826818
0 0.0730867 0.608268 0.0300654 0.0177275 0.825322
0 0.28113 0.760391 0.0647977 0.0290749 0.821164
0 0.211924 0.739246 0.16359 0.0247039 0.818913
0 0.28608 0.834752 0.0329781 0.0147991 0.79748
0 0.210699 0.593963 0.0289664 0.0220697 0.790895
0 0.0475154 0.723806 0.0366524 0.0171163 0.785686
0 0.953138 0.761608 0.0864599 0.0790489 0.768199
0 0.640613 0.677382 0.0321957 0.0184866 0.767695
0 0.815009 0.781268 0.0334488 0.0227407 0.758617
0 0.536882 0.793531 0.0322614 0.0132158 0.757251
0 0.0286024 0.589315 0.0266448 0.0133671 0.719481
0 0.644553 0.632697 0.021941 0.0098154 0.689023
0 0.275914 0.539839 0.0301186 0.0212294 0.677267
0 0.122258 0.807436 0.040423 0.0161663 0.625739
0 0.96871 0.810918 0.0612683 0.0313313 0.60214
0 0.349501 0.737827 0.0210917 0.011201 0.582029
0 0.102501 0.589901 0.0304566 0.00980871 0.568629
0 0.834103 0.665996 0.0247663 0.0102848 0.567633
0 0.978009 0.694263 0.0418329 0.0242551 0.558065
0 0.818708 0.650082 0.0262831 0.0159408 0.510522
0 0.811185 0.688957 0.0216666 0.011516 0.458038
0 0.178693 0.505953 0.0249719 0.0101803 0.440144
0 0.790552 0.536281 0.0300428 0.0162648 0.403246
0 0.0362363 0.887795 0.0257033 0.0231803 0.340616
0 0.0251534 0.884057 0.0484021 0.0295276 0.331564
0 0.143188 0.518272 0.0213695 0.0136654 0.330555
0 0.604544 0.618818 0.0176716 0.00829793 0.282091
0 0.171389 0.490403 0.0208265 0.00809154 0.273736
0 0.0374702 0.892357 0.0205574 0.0130622 0.255589
