0 0.273799 0.798347 0.0860124 0.044873 0.922496
0 0.122572 0.787598 0.111588 0.0499194 0.908683
0 0.577875 0.762011 0.0815265 0.0367876 0.904963
0 0.455541 0.870348 0.107857 0.0602245 0.899526
0 0.111493 0.658665 0.0586359 0.0269049 0.869553
0 0.87359 0.860046 0.0865911 0.0378724 0.86513
0 0.752675 0.814357 0.113314 0.0513933 0.863488
0 0.358493 0.728317 0.0673376 0.0330094 0.861419
0 0.493011 0.657136 0.0638625 0.0283554 0.861233
0 0.730702 0.856402 0.140871 0.0409848 0.847289
0 0.371879 0.777109 0.0726288 0.0312448 0.832939
0 0.69744 0.691987 0.0522891 0.0261328 0.822758
0 0.217042 0.880262 0.0805609 0.0310471 0.821083
0 0.934009 0.631096 0.063078 0.0347441 0.81618
0 0.302814 0.859958 0.121912 0.044497 0.81146
0 0.536708 0.861254 0.040031 0.0313439 0.808187
0 0.519378 0.877716 0.0466175 0.0175826 0.802823
0 0.336949 0.802375 0.022003 0.0140303 0.799756
0 0.893538 0.798553 0.0459574 0.0221946 0.793697
0 0.702907 0.64425 0.0421178 0.0138572 0.776359
0 0.212889 0.54807 0.0302657 0.0175089 0.770038
0 0.31516 0.893843 0.0975766 0.028081 0.754662
0 0.976974 0.772769 0.0446586 0.0192546 0.723655
0 0.108196 0.567377 0.025964 0.0109568 0.716896
0 0.64592 0.730505 0.0304387 0.0142328 0.716043
0 0.372503 0.841778 0.0293024 0.0233142 0.699193
0 0.633448 0.855011 0.0517226 0.0226261 0.633711
0 0.921753 0.524574 0.038709 0.0142954 0.628452
0 0.490017 0.688604 0.0326097 0.0125318 0.626421
0 0.325847 0.698328 0.043196 0.0157715 0.608545
0 0.235442 0.606106 0.0234833 0.0108055 0.59564
0 0.571661 0.721075 0.0184772 0.0157343 0.58627
0 0.91061 0.737567 0.0205611 0.00996103 0.583729
0 0.803521 0.879615 0.0240586 0.0121864 0.576705
0 0.0282835 0.462751 0.0436442 0.0139242 0.549894
0 0.798968 0.479153 0.0337183 0.0123279 0.49284
0 0.271872 0.747062 0.0220414 0.0112333 0.488153
0 0.596308 0.586807 0.027548 0.0089199 0.469194
0 0.715197 0.760763 0.0211942 0.0163654 0.41914
0 0.161949 0.897768 0.0749169 0.0379749 0.381832
0 0.901947 0.75564 0.0209417 0.00806609 0.371113
0 0.546369 0.700273 0.0319449 0.0131235 0.319162
0 0.634728 0.767674 0.0200522 0.0132276 0.293614
0 0.0140785 0.861645 0.0274285 0.0236424 0.287979
