0 0.933007 0.878851 0.092779 0.0408766 0.883576
0 0.695452 0.872979 0.213663 0.0629577 0.877126
0 0.240723 0.927559 0.0972453 0.0564835 0.871818
0 0.0676608 0.862686 0.060852 0.0352192 0.865005
0 0.316384 0.928035 0.0634121 0.0286976 0.850876
0 0.433378 0.77895 0.0411967 0.0168811 0.817425
0 0.524916 0.920425 0.0581985 0.0264153 0.815626
0 0.082466 0.666462 0.0714613 0.0441854 0.81346
0 0.337615 0.876987 0.0553467 0.0272392 0.803582
0 0.812261 0.941735 0.0450228 0.0269024 0.802186
0 0.192006 0.812 0.0333396 0.0165356 0.801929
0 0.908278 0.67828 0.0468503 0.014465 0.790498
0 0.0481556 0.607048 0.0302301 0.0143019 0.780646
0 0.844972 0.654829 0.0494342 0.0323001 0.746309
0 0.443523 0.938474 0.109695 0.0678441 0.742373
0 0.559609 0.695133 0.0357988 0.0138557 0.737921
0 0.292337 0.818894 0.028215 0.0108928 0.72896
0 0.780224 0.757997 0.0465561 0.0199805 0.696214
0 0.355498 0.820947 0.0292587 0.0146215 0.695009
0 0.279311 0.670221 0.0292296 0.0105098 0.674926
0 0.536065 0.680428 0.0213131 0.0112226 0.669027
0 0.311384 0.744435 0.0258913 0.0114657 0.640146
0 0.26077 0.70763 0.0250348 0.011278 0.639915
0 0.326675 0.688273 0.0284783 0.0155596 0.637909
0 0.471242 0.615828 0.0360194 0.00909211 0.625777
0 0.830836 0.832007 0.0418355 0.0122749 0.603703
0 0.306254 0.654344 0.031027 0.0135502 0.596244
0 0.496721 0.732259 0.0237784 0.0216307 0.593369
0 0.643481 0.813895 0.0253995 0.0117573 0.585218
0 0.0523976 0.539824 0.0233424 0.00952664 0.50391
0 0.695673 0.937967 0.0188722 0.0105666 0.496708
0 0.865392 0.540157 0.0283243 0.0109833 0.494319
0 0.790138 0.736267 0.0206505 0.013584 0.48424
0 0.179031 0.622617 0.0462638 0.0161388 0.481386
0 0.166052 0.62203 0.020764 0.0140512 0.477822
0 0.122316 0.774274 0.0265813 0.014754 0.428819
0 0.855354 0.604674 0.0198587 0.0120394 0.428381
0 0.209523 0.593403 0.0140286 0.0135448 0.428249
0 0.646817 0.639134 0.0166776 0.0136995 0.414094
0 0.404981 0.641891 0.0227322 0.00709247 0.394421
0 0.150229 0.801613 0.0178299 0.0158913 0.382736
0 0.0922819 0.783697 0.0193072 0.00924705 0.378094
0 0.986732 0.820939 0.0236672 0.00978959 0.373608
0 0.514247 0.785702 0.0198138 0.0117456 0.352034
0 0.423991 0.736839 0.0207032 0.0151192 0.35101
0 0.826153 0.713453 0.0161916 0.00677911 0.3382
0 0.228565 0.831541 0.0131134 0.00910871 0.310917
0 0.378157 0.806428 0.0157007 0.012323 0.301389
0 0.748538 0.477729 0.0211774 0.0105362 0.299554
0 0.352588 0.586467 0.0196187 0.0079957 0.262839
