0 0.157671 0.793508 0.0675677 0.0362783 0.868499
0 0.15225 0.671043 0.0539721 0.023251 0.862529
0 0.637453 0.746875 0.0528704 0.0371327 0.846926
0 0.500541 0.413036 0.0671049 0.0401584 0.845355
0 0.464381 0.736323 0.0300524 0.0149253 0.841085
0 0.307347 0.600473 0.140469 0.0471459 0.836366
0 0.935919 0.786933 0.0769512 0.0354451 0.836193
0 0.612545 0.878743 0.045802 0.0228981 0.833577
0 0.311921 0.679943 0.0421868 0.0221123 0.831214
0 0.569388 0.468856 0.0473204 0.0195802 0.830972
0 0.519289 0.759566 0.0785653 0.0351073 0.828925
0 0.398559 0.655871 0.0346886 0.0238581 0.827547
0 0.195411 0.868239 0.05749 0.0241871 0.822705
0 0.786888 0.82289 0.0803695 0.028392 0.819453
0 0.829491 0.738625 0.0898671 0.0306057 0.819239
0 0.399114 0.889525 0.0755782 0.05103 0.818329
0 0.243896 0.535844 0.0435909 0.0230327 0.815109
0 0.234799 0.917285 0.038812 0.0222988 0.814517
0 0.233182 0.738914 0.0407465 0.0192249 0.812776
0 0.0799119 0.75728 0.0387907 0.0239212 0.809745
0 0.408235 0.561578 0.0619529 0.0180187 0.807262
0 0.874342 0.50001 0.0323228 0.0213043 0.802239
0 0.856868 0.519151 0.0470012 0.0140608 0.79775
0 0.234683 0.805898 0.0658546 0.0238336 0.797721
0 0.752012 0.897826 0.0740006 0.0275845 0.796697
0 0.477192 0.715984 0.0382544 0.0234247 0.795869
0 0.330389 0.885819 0.0500834 0.037615 0.79439
0 0.190539 0.419825 0.0383892 0.0224221 0.789024
0 0.30014 0.918762 0.0285191 0.0182029 0.787466
0 0.804982 0.498167 0.0278699 0.0161844 0.783963
0 0.848363 0.775358 0.0906957 0.0284973 0.783055
0 0.708233 0.67135 0.0303403 0.023719 0.779912
0 0.653486 0.675284 0.0436891 0.0218986 0.779653
0 0.165208 0.945438 0.0534455 0.0286759 0.779338
0 0.941875 0.453737 0.048433 0.022394 0.769982
0 0.774803 0.429937 0.034498 0.0139042 0.768878
0 0.192023 0.606763 0.038125 0.0182483 0.767349
0 0.38079 0.522482 0.0619485 0.0270804 0.766774
0 0.744778 0.790238 0.0532474 0.0339926 0.764524
0 0.945836 0.892719 0.0520898 0.0195425 0.764037
0 0.780482 0.695367 0.0350232 0.0199596 0.7599
0 0.111412 0.810842 0.0309602 0.0203081 0.753864
0 0.0326739 0.799004 0.0200846 0.0145282 0.752758
0 0.442993 0.711162 0.0405647 0.021727 0.751955
0 0.209804 0.790378 0.0441065 0.0233084 0.750515
0 0.659142 0.950093 0.0971395 0.0503482 0.744786
0 0.481829 0.937336 0.0534486 0.0337435 0.739683
0 0.648089 0.840705 0.147468 0.0536946 0.739539
0 0.34471 0.48165 0.035288 0.0155967 0.739443
0 0.749676 0.722624 0.0510778 0.036807 0.737134
0 0.877002 0.852879 0.043941 0.0483474 0.736222
0 0.723775 0.932116 0.0700903 0.03706 0.73595
0 0.547498 0.975954 0.0411826 0.0236992 0.734138
0 0.251217 0.869633 0.0450312 0.0339607 0.732592
0 0.265051 0.667954 0.0386762 0.0128154 0.731161
0 0.144418 0.51 0.033813 0.0252563 0.729718
0 0.210602 0.845772 0.0328798 0.0128676 0.729442
0 0.309651 0.727517 0.106612 0.0403596 0.729044
0 0.685346 0.646523 0.0334878 0.0203493 0.727796
0 0.420567 0.684764 0.0337498 0.0254707 0.727395
0 0.472716 0.799173 0.0460786 0.0212441 0.722929
0 0.422972 0.519964 0.0277218 0.0226011 0.721852
0 0.935627 0.589327 0.034841 0.0297639 0.72002
0 0.277611 0.94762 0.0462209 0.0144249 0.719495
0 0.896915 0.892467 0.0364988 0.0181994 0.718708
0 0.75878 0.668687 0.0305894 0.0160277 0.717799
0 0.838426 0.386034 0.0372571 0.0174644 0.717265
0 0.195648 0.515299 0.0267551 0.0121983 0.717075
0 0.592088 0.495102 0.031257 0.0145588 0.715555
0 0.0426569 0.744216 0.0535908 0.0126379 0.714863
0 0.0976422 0.707903 0.0533903 0.0135663 0.710265
0 0.616032 0.715834 0.0271703 0.0263178 0.705551
0 0.0524652 0.70199 0.0252366 0.0152123 0.704714
0 0.695786 0.563842 0.0282119 0.0199362 0.704538
0 0.971616 0.823491 0.0507811 0.0432521 0.703675
0 0.611665 0.573237 0.037316 0.0227722 0.702971
0 0.680715 0.718314 0.0198731 0.02612 0.6987
0 0.219695 0.444727 0.0348323 0.0183927 0.695956
0 0.28953 0.757617 0.038041 0.0120959 0.688336
0 0.405653 0.701176 0.0267447 0.0179787 0.687777
0 0.792913 0.641834 0.0365878 0.0264025 0.687542
0 0.523273 0.606555 0.0437914 0.0276907 0.68326
0 0.464829 0.54291 0.0312188 0.0143147 0.682375
0 0.391239 0.459504 0.0265469 0.0153506 0.680996
0 0.908789 0.533126 0.0286351 0.0129444 0.675086
0 0.261427 0.900942 0.0312067 0.0144476 0.67278
0 0.202449 0.559256 0.0296224 0.0122914 0.671854
0 0.910173 0.517454 0.0293645 0.0143107 0.669692
0 0.490798 0.861407 0.0281972 0.0147808 0.667579
0 0.25072 0.780428 0.0348207 0.0264746 0.667086
0 0.42324 0.774604 0.0373037 0.038655 0.666539
0 0.679684 0.491555 0.0268287 0.00990926 0.666251
0 0.620946 0.523991 0.0212319 0.0146889 0.66415
0 0.109078 0.77977 0.0356243 0.0146577 0.66275
0 0.296242 0.853611 0.0536116 0.0195683 0.661707
0 0.260896 0.703377 0.0698644 0.0276859 0.658641
0 0.962145 0.755459 0.05334 0.0234001 0.653188
0 0.0750076 0.801215 0.0283653 0.0147446 0.652934
0 0.375564 0.940494 0.047599 0.0158831 0.650558
0 0.539028 0.826553 0.0611857 0.0279064 0.650455
0 0.357794 0.43607 0.0277382 0.0179257 0.647422
0 0.422501 0.940318 0.0759013 0.0521672 0.644917
0 0.119608 0.742764 0.0191419 0.016717 0.644635
0 0.501982 0.658407 0.0523905 0.0317789 0.643771
0 0.867232 0.643859 0.0410059 0.0184391 0.64322
0 0.297085 0.494531 0.0196383 0.0139164 0.64152
0 0.729194 0.818145 0.041988 0.0243675 0.640888
0 0.833709 0.696219 0.023025 0.0112482 0.637994
0 0.711139 0.700012 0.0437824 0.0163818 0.637337
0 0.83849 0.443968 0.0223633 0.0133063 0.636561
0 0.29792 0.507408 0.0257219 0.0107885 0.628542
0 0.418485 0.635812 0.0206261 0.0184408 0.62779
0 0.123036 0.420523 0.0495612 0.0231091 0.62629
0 0.328816 0.953137 0.0426923 0.0188036 0.623869
0 0.762977 0.568058 0.0330838 0.0154995 0.621543
0 0.824903 0.810386 0.0259985 0.0134702 0.617744
0 0.5131 0.509916 0.0384131 0.0262418 0.617256
0 0.596483 0.608368 0.0268151 0.0143103 0.612278
0 0.892703 0.697529 0.0331267 0.0117075 0.608437
0 0.561254 0.674353 0.0494235 0.0558737 0.608325
0 0.358683 0.919208 0.0215163 0.0149986 0.606806
0 0.940236 0.631249 0.0328824 0.0125815 0.606549
0 0.68582 0.791707 0.045156 0.0406859 0.606377
0 0.562598 0.622215 0.0469413 0.0203564 0.604077
0 0.751355 0.921587 0.0217511 0.0165307 0.603245
0 0.225023 0.469553 0.0287371 0.0270415 0.601735
0 0.892237 0.626366 0.0335952 0.0176259 0.599175
0 0.403952 0.579907 0.0298213 0.0100693 0.599137
0 0.582472 0.959774 0.0595655 0.0525877 0.596785
0 0.111131 0.931273 0.0292244 0.00873381 0.594361
0 0.0844151 0.89484 0.126975 0.0600175 0.593909
0 0.602871 0.446842 0.0203148 0.0128062 0.592992
0 0.422457 0.454049 0.0230403 0.0153237 0.592258
0 0.848847 0.613452 0.0317483 0.0209823 0.587043
0 0.15091 0.734684 0.0398551 0.0166491 0.583442
0 0.516244 0.701012 0.0268668 0.0141976 0.58236
0 0.582538 0.583319 0.0509306 0.0159523 0.580215
0 0.517927 0.789937 0.0351877 0.0185653 0.575743
0 0.901108 0.64614 0.0464869 0.0256937 0.573644
0 0.704975 0.756155 0.0788354 0.0311634 0.571689
0 0.530656 0.954953 0.0240407 0.0112398 0.567502
0 0.188868 0.920556 0.0357365 0.0191498 0.56113
0 0.919455 0.671977 0.0445778 0.0288685 0.558036
0 0.574208 0.534897 0.0444852 0.0155669 0.557571
0 0.191348 0.893089 0.0318367 0.0106793 0.556855
0 0.180845 0.539773 0.0335461 0.0181725 0.555193
0 0.614938 0.630021 0.0766628 0.040669 0.554803
0 0.926667 0.690775 0.0398869 0.0147264 0.554325
0 0.16066 0.556263 0.0387908 0.0171549 0.551923
0 0.791638 0.613034 0.0462479 0.0216646 0.545838
0 0.741737 0.688303 0.0241745 0.0139575 0.54493
0 0.771539 0.310533 0.0284271 0.0177094 0.540763
0 0.636712 0.907252 0.0550761 0.0357917 0.54067
0 0.205857 0.958577 0.0276255 0.0130887 0.540345
0 0.920524 0.616983 0.0348843 0.0122352 0.539406
0 0.193421 0.829674 0.0211048 0.0123626 0.538737
0 0.0307789 0.766176 0.0524946 0.0326435 0.538127
0 0.59296 0.911488 0.0385649 0.0279552 0.537619
0 0.716722 0.881119 0.0412974 0.0235966 0.536291
0 0.35225 0.665947 0.0221595 0.0106055 0.535522
0 0.956187 0.534441 0.0246356 0.0133705 0.532055
0 0.325724 0.848208 0.0304082 0.0159419 0.531036
0 0.582178 0.951917 0.0574733 0.0363732 0.530577
0 0.973128 0.660101 0.0455619 0.0223037 0.529493
0 0.819093 0.51866 0.0184005 0.0119858 0.528085
0 0.706331 0.603083 0.0222485 0.0160185 0.526585
0 0.579298 0.556798 0.0261491 0.0142059 0.52299
0 0.775881 0.547791 0.0281347 0.0115612 0.520838
0 0.439792 0.659427 0.0272876 0.0129534 0.52047
0 0.385812 0.833594 0.0578787 0.0221291 0.518712
0 0.84893 0.666391 0.0204092 0.0116533 0.518595
0 0.533036 0.850271 0.0383368 0.0203964 0.51609
0 0.901753 0.490336 0.0209948 0.0168243 0.514324
0 0.0664022 0.782181 0.0236479 0.0130312 0.513741
0 0.880783 0.339456 0.0412773 0.0236651 0.512563
0 0.706683 0.465208 0.031819 0.0227937 0.511671
0 0.357809 0.682595 0.0170524 0.0100581 0.510321
0 0.802575 0.365292 0.0490608 0.0151414 0.508342
0 0.80566 0.425597 0.0340524 0.0148622 0.502481
0 0.577166 0.895738 0.0278231 0.0150165 0.495927
0 0.44999 0.517951 0.0228019 0.0180407 0.494842
0 0.767063 0.752824 0.0443035 0.0313785 0.494841
0 0.555388 0.780325 0.0432427 0.0204039 0.491675
0 0.84351 0.598151 0.0756875 0.0191228 0.487607
0 0.825371 0.645538 0.0265633 0.0143545 0.48705
0 0.505875 0.812712 0.0398659 0.0166729 0.484997
0 0.732068 0.635073 0.04336 0.0445232 0.481854
0 0.71975 0.958423 0.0287232 0.0128792 0.481034
0 0.532963 0.858192 0.0391807 0.0354839 0.479248
0 0.0576049 0.968089 0.0681527 0.031163 0.473744
0 0.781347 0.330365 0.0335254 0.00889694 0.471566
0 0.830104 0.54654 0.0378365 0.0166115 0.471344
0 0.953939 0.679536 0.0252111 0.0130029 0.470294
0 0.650839 0.334444 0.0229956 0.0143195 0.470275
0 0.0362094 0.607515 0.0193703 0.0120911 0.46911
0 0.892077 0.808775 0.058285 0.0336125 0.465965
0 0.179561 0.700342 0.0351907 0.0133955 0.463945
0 0.773588 0.508204 0.0183536 0.0126055 0.462852
0 0.914038 0.428322 0.0299047 0.016081 0.46112
0 0.227797 0.891686 0.031325 0.0242886 0.460312
0 0.532907 0.488986 0.0290697 0.0119531 0.4584
0 0.551109 0.802689 0.049453 0.0192211 0.457857
0 0.752104 0.959013 0.02003 0.00901647 0.457318
0 0.29243 0.779569 0.0226203 0.0110076 0.454428
0 0.984297 0.479375 0.0267108 0.00933228 0.453834
0 0.849528 0.968973 0.11171 0.0349094 0.453139
0 0.215803 0.571294 0.0207835 0.0102365 0.453101
0 0.753382 0.472148 0.0516166 0.0461911 0.452677
0 0.847466 0.5802 0.0243574 0.0186365 0.449988
0 0.432013 0.492858 0.0186895 0.0129208 0.449345
0 0.532832 0.577642 0.0175585 0.0139904 0.446118
0 0.985126 0.588161 0.0297481 0.0196117 0.445036
0 0.575745 0.566657 0.0389699 0.0105183 0.444946
0 0.0581368 0.954631 0.0673529 0.0567108 0.444453
0 0.279004 0.631143 0.031475 0.0210138 0.443797
0 0.313195 0.829034 0.0309295 0.0116129 0.442879
0 0.7836 0.768213 0.0250617 0.0217539 0.44214
0 0.387058 0.828662 0.0593306 0.0299038 0.440692
0 0.421619 0.449834 0.0257338 0.0239716 0.440416
0 0.315924 0.481209 0.018486 0.0103737 0.440033
0 0.429127 0.730454 0.0320818 0.015414 0.437964
0 0.0853028 0.542656 0.0189804 0.0125467 0.432243
0 0.860216 0.533767 0.0204954 0.00820091 0.431465
0 0.80775 0.715783 0.0160903 0.00979158 0.429501
0 0.534479 0.868319 0.0261117 0.0164299 0.429109
0 0.335625 0.775971 0.0913933 0.075095 0.42799
0 0.0150135 0.63402 0.0254258 0.0125647 0.426867
0 0.144024 0.584636 0.0277528 0.0149792 0.426046
0 0.276882 0.697654 0.0364906 0.0156998 0.422427
0 0.12882 0.863125 0.0710024 0.0324755 0.421279
0 0.576085 0.519782 0.0193314 0.0101254 0.42108
0 0.756173 0.870447 0.0584074 0.0237011 0.420887
0 0.450187 0.591696 0.021786 0.0116129 0.420109
0 0.162251 0.621009 0.0162755 0.0108059 0.418035
0 0.673765 0.882359 0.030027 0.0117485 0.41685
0 0.32122 0.845078 0.0404543 0.0212334 0.416369
0 0.467103 0.501964 0.0290095 0.0105168 0.41634
0 0.614559 0.644066 0.0778275 0.0697011 0.415198
0 0.296741 0.411137 0.0442363 0.011919 0.412158
0 0.855332 0.484684 0.0323618 0.00844745 0.409533
0 0.888015 0.853155 0.0659738 0.0498673 0.409506
0 0.214084 0.6833 0.0312566 0.0128966 0.40689
0 0.69833 0.861276 0.0551774 0.0276431 0.405873
0 0.33263 0.420734 0.0211381 0.0137825 0.405485
0 0.525 0.910153 0.118681 0.0529404 0.402801
0 0.443692 0.48053 0.0181411 0.00770652 0.402404
0 0.925469 0.876729 0.0237104 0.0127777 0.399894
0 0.971265 0.695996 0.0428024 0.015044 0.399658
0 0.953324 0.61152 0.0263328 0.0126903 0.396951
0 0.585489 0.970801 0.0529395 0.0316631 0.393704
0 0.813577 0.88434 0.0869647 0.082003 0.392597
0 0.233146 0.771974 0.0202693 0.0106406 0.391699
0 0.514958 0.740461 0.0263091 0.0114332 0.384326
0 0.736904 0.637742 0.0356776 0.0392962 0.383236
0 0.954295 0.722704 0.061398 0.0412786 0.381573
0 0.846116 0.496891 0.0239766 0.00951271 0.377397
0 0.956837 0.871703 0.0510812 0.0264969 0.374197
0 0.602906 0.665479 0.0328798 0.0291224 0.373855
0 0.359087 0.7596 0.0464144 0.0401398 0.367315
0 0.869037 0.932709 0.0824301 0.0560795 0.365732
0 0.853772 0.771628 0.105442 0.0302603 0.364971
0 0.959324 0.611856 0.0373184 0.0140531 0.361303
0 0.866138 0.711987 0.0190121 0.0108179 0.359159
0 0.821054 0.86895 0.0672794 0.0487449 0.357276
0 0.653544 0.70581 0.0201609 0.0218245 0.356769
0 0.907378 0.490101 0.0323428 0.017736 0.356749
0 0.470186 0.973084 0.0806403 0.033651 0.355617
0 0.704963 0.761658 0.0778638 0.0206495 0.355125
0 0.677537 0.897698 0.0396455 0.0162998 0.354417
0 0.600781 0.819941 0.0626044 0.0376114 0.352923
0 0.633062 0.494264 0.0205938 0.0148528 0.35257
0 0.932215 0.550166 0.0333743 0.015722 0.352477
0 0.939848 0.712172 0.033608 0.0256582 0.347759
0 0.444704 0.782244 0.0195197 0.0102284 0.346341
0 0.366008 0.858367 0.0524663 0.016541 0.342985
0 0.0147382 0.952651 0.021731 0.0148735 0.340683
0 0.900394 0.650585 0.0508338 0.0355376 0.337928
0 0.3854 0.792843 0.0503024 0.0147044 0.329004
0 0.988606 0.537871 0.0227878 0.0150507 0.327887
0 0.109469 0.645086 0.0226005 0.00844315 0.326323
0 0.192653 0.490104 0.0224527 0.00972937 0.326183
0 0.776943 0.294665 0.0222011 0.012946 0.324779
0 0.956615 0.732198 0.0545431 0.0219922 0.32377
0 0.628401 0.804284 0.121113 0.0687859 0.321333
0 0.171967 0.827242 0.0225173 0.0144491 0.320292
0 0.0282508 0.5324 0.0470589 0.0193763 0.319222
0 0.503557 0.907468 0.0743797 0.0465267 0.318132
0 0.412406 0.84794 0.126225 0.0536762 0.317291
0 0.325479 0.921462 0.021527 0.0139969 0.317283
0 0.487504 0.568213 0.0231369 0.0195657 0.316503
0 0.310017 0.538385 0.0124874 0.0172996 0.316089
0 0.763602 0.976352 0.0244737 0.0132259 0.315004
0 0.244075 0.87744 0.0606426 0.0517456 0.314935
0 0.347636 0.81681 0.044489 0.00921115 0.30984
0 0.415798 0.856072 0.11955 0.0369548 0.308914
0 0.770767 0.765622 0.0502862 0.0210628 0.308598
0 0.58016 0.721546 0.0577847 0.0727392 0.306847
0 0.74013 0.586666 0.0128888 0.00960332 0.306222
0 0.9221 0.615702 0.0367303 0.0178249 0.301305
0 0.746043 0.609716 0.0323622 0.00862522 0.298623
