0 0.583401 0.842569 0.0949249 0.0632264 0.905545
0 0.434364 0.787173 0.105404 0.044469 0.904105
0 0.72278 0.840122 0.0633081 0.0492275 0.874126
0 0.677847 0.883167 0.0607992 0.0234314 0.870724
0 0.2216 0.787819 0.074128 0.031016 0.861531
0 0.700778 0.798381 0.0657131 0.0407187 0.859351
0 0.470532 0.824174 0.0648367 0.0278513 0.844772
0 0.0616757 0.827894 0.0552687 0.0257745 0.843598
0 0.847631 0.618629 0.0519739 0.0203261 0.843044
0 0.946741 0.78649 0.105412 0.0885823 0.839845
0 0.736858 0.64717 0.0665627 0.0320933 0.833232
0 0.27061 0.66343 0.052596 0.0496557 0.829386
0 0.88341 0.854233 0.0288272 0.0156868 0.816144
0 0.118562 0.716611 0.0487513 0.0183678 0.815068
0 0.13424 0.66481 0.0617786 0.0341284 0.807229
0 0.415807 0.725858 0.0441141 0.0245996 0.804018
0 0.267029 0.618738 0.0534133 0.0195154 0.798881
0 0.858432 0.684606 0.0377499 0.0182758 0.795624
0 0.490693 0.703537 0.0305277 0.0139482 0.780119
0 0.690834 0.672457 0.0449529 0.0171091 0.767197
0 0.404776 0.920624 0.0427558 0.0211223 0.76647
0 0.647791 0.784338 0.0466047 0.0189631 0.754233
0 0.3684 0.825325 0.0471237 0.0236469 0.753388
0 0.123041 0.694719 0.0335157 0.0115227 0.742773
0 0.240745 0.836314 0.0338906 0.0202814 0.730554
0 0.601462 0.68202 0.0288483 0.0159292 0.72307
0 0.21523 0.721849 0.0337285 0.03714 0.722496
0 0.602872 0.61056 0.0413623 0.0161138 0.722387
0 0.610489 0.572008 0.0624271 0.035909 0.712721
0 0.412898 0.641059 0.0519171 0.0279504 0.707716
0 0.403793 0.877608 0.0485198 0.0205558 0.707436
0 0.234302 0.865202 0.0268017 0.0127053 0.701638
0 0.0545759 0.663597 0.0309845 0.0191608 0.692858
0 0.755983 0.581023 0.0293825 0.0141367 0.661006
0 0.57146 0.66577 0.0217263 0.0140646 0.653742
0 0.0214562 0.812695 0.0429124 0.0292375 0.652428
0 0.170371 0.856457 0.0207376 0.0230415 0.651192
0 0.837433 0.74602 0.0256748 0.0133755 0.638082
0 0.393679 0.806405 0.0357073 0.0155167 0.637324
0 0.810502 0.738832 0.0266039 0.0134916 0.618418
0 0.771746 0.757848 0.107926 0.0531777 0.616942
0 0.351844 0.761909 0.0235563 0.00987969 0.607178
0 0.320665 0.867896 0.0198845 0.0120237 0.556689
0 0.112115 0.54478 0.02448 0.0101551 0.554004
0 0.34537 0.478234 0.0302495 0.0157875 0.54352
0 0.748423 0.858599 0.0248965 0.0152165 0.536446
0 0.255953 0.708395 0.020431 0.00925759 0.494353
0 0.752568 0.747525 0.0700727 0.0308821 0.476496
0 0.28091 0.785104 0.0190282 0.015752 0.469164
0 0.397176 0.516255 0.0195547 0.0125094 0.460899
0 0.356748 0.889566 0.0205711 0.00654315 0.417222
0 0.445162 0.60325 0.0201271 0.00892257 0.385778
0 0.256726 0.583566 0.0228448 0.011969 0.331935
0 0.77557 0.768709 0.0972752 0.0326205 0.317354
