0 0.236055 0.780096 0.160887 0.0689936 0.934333
0 0.120966 0.741288 0.145964 0.0553813 0.932549
0 0.794941 0.853267 0.0769251 0.0408993 0.921532
0 0.468269 0.897808 0.0722167 0.0542934 0.895541
0 0.362588 0.768317 0.0667468 0.0365024 0.879304
0 0.682651 0.877637 0.0621271 0.0352379 0.876283
0 0.388519 0.863825 0.128194 0.0491706 0.871017
0 0.37647 0.720713 0.0470207 0.0313744 0.869824
0 0.552071 0.728077 0.0374923 0.0173233 0.859646
0 0.29344 0.870954 0.0528591 0.0315079 0.838404
0 0.803369 0.745353 0.0599179 0.0207401 0.837207
0 0.560671 0.842016 0.15547 0.0519897 0.836916
0 0.0694007 0.583226 0.0385683 0.0160927 0.81174
0 0.0294522 0.805002 0.0577872 0.0290833 0.811513
0 0.42143 0.683405 0.0703978 0.018202 0.809999
0 0.797835 0.895475 0.0682341 0.0254386 0.781771
0 0.513974 0.803004 0.0582457 0.0242897 0.770722
0 0.237441 0.861059 0.0442301 0.0189897 0.760586
0 0.0221124 0.694843 0.0442249 0.0602337 0.753133
0 0.420073 0.824229 0.027308 0.0197128 0.740194
0 0.538786 0.893456 0.0727621 0.0308832 0.726832
0 0.702664 0.746647 0.0328695 0.0144958 0.663449
0 0.238554 0.694812 0.0235189 0.0121935 0.657671
0 0.817063 0.695106 0.0246881 0.0107052 0.636488
0 0.256741 0.725607 0.0340655 0.0154734 0.62604
0 0.988037 0.690323 0.0221918 0.00983448 0.577682
0 0.0144726 0.593845 0.0251205 0.00840242 0.566548
0 0.634307 0.663465 0.0223135 0.0131567 0.547043
0 0.962588 0.69517 0.018825 0.00877934 0.49164
0 0.079106 0.610928 0.0238666 0.00927811 0.481363
0 0.683904 0.756672 0.0210335 0.00923896 0.422804
0 0.221519 0.614544 0.0214209 0.00952298 0.404057
0 0.514214 0.693085 0.0125367 0.0133181 0.395519
0 0.966643 0.708934 0.023967 0.00784546 0.376814
0 0.946645 0.641869 0.014649 0.00952225 0.367282
0 0.663455 0.909714 0.0187461 0.00920736 0.338941
0 0.968243 0.872155 0.0212042 0.0113068 0.293552
0 0.612002 0.898465 0.0751652 0.0343905 0.290236
