0 0.383356 0.861106 0.16634 0.0339464 0.909461
0 0.130658 0.837463 0.0767282 0.0557774 0.88969
0 0.719676 0.829437 0.115103 0.0454567 0.889357
0 0.634561 0.728257 0.077916 0.0388222 0.88709
0 0.96339 0.744744 0.0413377 0.0153934 0.875303
0 0.174701 0.747613 0.077981 0.0360689 0.860171
0 0.286518 0.899283 0.0658482 0.0364067 0.856863
0 0.465547 0.891146 0.0533159 0.024675 0.826261
0 0.639631 0.897375 0.0612879 0.0329693 0.824615
0 0.59173 0.836552 0.048719 0.0162056 0.821134
0 0.780269 0.752536 0.0496291 0.0220985 0.819169
0 0.026893 0.743591 0.0486753 0.0200142 0.812058
0 0.359982 0.72797 0.0593125 0.0243452 0.811678
0 0.903984 0.704447 0.0381982 0.0226026 0.803091
0 0.21951 0.697955 0.0541921 0.0155416 0.802621
0 0.774061 0.68632 0.0479883 0.0234055 0.795267
0 0.025159 0.850055 0.049427 0.028785 0.759879
0 0.97891 0.657122 0.0321649 0.0143127 0.75768
0 0.667512 0.653987 0.0313979 0.0204645 0.757626
0 0.529795 0.659255 0.0428924 0.0156939 0.75129
0 0.595854 0.628277 0.0731783 0.0185524 0.743976
0 0.491293 0.690434 0.0222074 0.0169069 0.71974
0 0.636816 0.81697 0.0242403 0.0167121 0.714266
0 0.576961 0.866653 0.0210851 0.0109642 0.689349
0 0.392455 0.754807 0.0268278 0.0167864 0.683513
0 0.154113 0.878133 0.0424082 0.014823 0.682016
0 0.504105 0.728697 0.0315601 0.0103584 0.667526
0 0.069933 0.687077 0.0638125 0.0128891 0.666433
0 0.108447 0.700237 0.0398261 0.0171837 0.645566
0 0.856253 0.655661 0.0281386 0.0135464 0.637976
0 0.305642 0.50009 0.0291281 0.0174518 0.562371
0 0.23079 0.897568 0.0190492 0.0131786 0.546789
0 0.549377 0.842987 0.0236155 0.0073952 0.535914
0 0.488337 0.815385 0.0164929 0.0120323 0.506287
0 0.0612013 0.58549 0.025539 0.0107082 0.504411
0 0.306324 0.781605 0.0189464 0.0138504 0.496713
0 0.360122 0.53341 0.0190037 0.0117712 0.48899
0 0.969294 0.545 0.0222274 0.00716584 0.411931
0 0.253155 0.729182 0.017489 0.0142601 0.40509
0 0.826721 0.685086 0.0183688 0.00969207 0.387307
0 0.390883 0.612637 0.0186965 0.00807626 0.383742
0 0.407884 0.582136 0.0181652 0.0100271 0.372544
0 0.214736 0.646707 0.0207805 0.0143231 0.350949
0 0.394142 0.659218 0.0193792 0.00891683 0.298398
0 0.361533 0.690163 0.0127612 0.0118706 0.297575
0 0.120933 0.755991 0.0162997 0.0112232 0.2973
0 0.797116 0.774445 0.0287159 0.0135355 0.289385
