0 0.205733 0.87178 0.0988009 0.0311993 0.895232
0 0.968688 0.750182 0.0467866 0.0375154 0.885406
0 0.471282 0.951427 0.0390302 0.0402516 0.871668
0 0.345702 0.812138 0.0543669 0.0321034 0.86764
0 0.937741 0.86586 0.0595465 0.0268898 0.867201
0 0.0970326 0.541816 0.0707089 0.0512038 0.863242
0 0.293836 0.83734 0.0503025 0.0361175 0.860459
0 0.893148 0.63699 0.0366299 0.0300547 0.854688
0 0.870022 0.693409 0.058801 0.022458 0.847932
0 0.675546 0.803684 0.0739524 0.028894 0.845912
0 0.857451 0.87527 0.0830293 0.0377376 0.845171
0 0.651106 0.7075 0.120092 0.0469731 0.842947
0 0.527067 0.627876 0.053186 0.0302163 0.840775
0 0.443159 0.628913 0.0283731 0.0223627 0.840641
0 0.195198 0.707537 0.0767237 0.0451813 0.839017
0 0.690568 0.91943 0.0912487 0.0665035 0.835049
0 0.529365 0.715466 0.0741661 0.0268774 0.835008
0 0.865272 0.734138 0.0656997 0.0474704 0.832912
0 0.129378 0.928368 0.0618604 0.0186186 0.832037
0 0.686266 0.777178 0.0302033 0.0193709 0.831957
0 0.302773 0.745859 0.0304343 0.0205896 0.829457
0 0.791462 0.668391 0.0780898 0.0367205 0.823861
0 0.380466 0.759933 0.0383907 0.0241525 0.823801
0 0.321743 0.898797 0.0610498 0.0297436 0.82311
0 0.956089 0.788328 0.0838331 0.034634 0.823003
0 0.376841 0.844697 0.095198 0.0328678 0.820913
0 0.588588 0.915098 0.0414767 0.0296882 0.817483
0 0.268703 0.636648 0.0417003 0.0232383 0.815069
0 0.746596 0.579069 0.0356779 0.0191942 0.807039
0 0.334288 0.631311 0.0269054 0.0192395 0.805203
0 0.490111 0.686626 0.0702904 0.0206913 0.802127
0 0.597851 0.806451 0.0279369 0.0155526 0.801377
0 0.775294 0.774177 0.0445662 0.0281188 0.801319
0 0.20531 0.830954 0.0436233 0.019867 0.800577
0 0.561935 0.87723 0.0345847 0.0181764 0.798035
0 0.127001 0.593878 0.0727243 0.0337309 0.797166
0 0.46022 0.795844 0.117822 0.0546299 0.793786
0 0.93456 0.834974 0.0339506 0.0240181 0.792736
0 0.668741 0.893402 0.0493845 0.0258155 0.791725
0 0.507985 0.59345 0.0403063 0.0197634 0.789198
0 0.968024 0.685658 0.0265672 0.0195234 0.788279
0 0.3519 0.739623 0.0455066 0.0264877 0.784052
0 0.759229 0.880703 0.0730171 0.0274268 0.784022
0 0.778144 0.810152 0.083438 0.0556384 0.778671
0 0.307492 0.870715 0.0403298 0.0220192 0.775482
0 0.876133 0.832475 0.0395262 0.0156998 0.772089
0 0.36666 0.593097 0.0569247 0.0185851 0.771313
0 0.382209 0.877475 0.0530747 0.0152817 0.768571
0 0.517283 0.847214 0.0952343 0.0373579 0.768051
0 0.385267 0.790596 0.0227144 0.0132546 0.764198
0 0.565669 0.794077 0.0307337 0.0210718 0.760161
0 0.254425 0.693068 0.0245982 0.0107506 0.759448
0 0.30567 0.804441 0.0471344 0.0284532 0.758711
0 0.578364 0.824047 0.0365345 0.0220421 0.757841
0 0.366367 0.684626 0.0569829 0.0446873 0.757504
0 0.242849 0.816167 0.0272714 0.0145855 0.755955
0 0.875639 0.81286 0.0398421 0.0223475 0.754297
0 0.614825 0.792047 0.0325687 0.0115047 0.752997
0 0.21143 0.548972 0.0447516 0.0156169 0.752438
0 0.298562 0.713308 0.0666413 0.0270758 0.751527
0 0.304142 0.594994 0.0284868 0.0131556 0.747383
0 0.944825 0.706231 0.0603577 0.0207531 0.744964
0 0.44962 0.674467 0.0371705 0.0198305 0.744905
0 0.320602 0.510267 0.0316807 0.0138947 0.74353
0 0.0291145 0.575974 0.0228533 0.013904 0.740121
0 0.120115 0.831639 0.0624269 0.0355395 0.739063
0 0.695349 0.84237 0.0390067 0.0130608 0.73454
0 0.547388 0.66717 0.0273087 0.0253791 0.72877
0 0.911228 0.536378 0.0377067 0.0198437 0.726213
0 0.375056 0.62764 0.0218734 0.014901 0.725894
0 0.726812 0.796706 0.0277805 0.0195643 0.72558
0 0.16153 0.823115 0.0356235 0.024519 0.724445
0 0.411541 0.582285 0.0284961 0.0201672 0.723552
0 0.635966 0.849879 0.0936458 0.024316 0.722839
0 0.27242 0.883281 0.0294664 0.0161812 0.722312
0 0.817689 0.653242 0.032559 0.012001 0.719895
0 0.94065 0.733758 0.0259346 0.0159706 0.718896
0 0.839249 0.851543 0.0327556 0.0142178 0.714663
0 0.544389 0.923624 0.0570733 0.03629 0.713103
0 0.530835 0.894786 0.0330671 0.0199493 0.711616
0 0.139351 0.869299 0.0172855 0.0140434 0.710897
0 0.876519 0.672218 0.0266557 0.0186657 0.70487
0 0.803453 0.937646 0.0544414 0.0195156 0.704822
0 0.270541 0.735922 0.0383214 0.0183065 0.704061
0 0.265508 0.797411 0.0562778 0.035169 0.700526
0 0.443087 0.924885 0.047549 0.0230687 0.698199
0 0.785531 0.727168 0.0593644 0.028902 0.696249
0 0.633986 0.86687 0.0451636 0.0211962 0.6957
0 0.291673 0.962038 0.0640716 0.0398642 0.695395
0 0.304712 0.663946 0.0373694 0.0290524 0.695144
0 0.685016 0.825038 0.0378643 0.0154333 0.693017
0 0.287145 0.691953 0.0259243 0.0101838 0.691127
0 0.488665 0.907914 0.0302919 0.00937346 0.68789
0 0.52557 0.821526 0.0301163 0.0215361 0.686116
0 0.894458 0.59725 0.0367078 0.0286039 0.683338
0 0.921395 0.914441 0.0324001 0.0183743 0.682299
0 0.243591 0.945341 0.0274484 0.0194798 0.680255
0 0.208611 0.600289 0.0678521 0.0458864 0.680185
0 0.453414 0.733817 0.022873 0.0186974 0.679698
0 0.791232 0.853191 0.0400189 0.0296953 0.679674
0 0.946745 0.582693 0.0412776 0.0198731 0.678362
0 0.92858 0.691612 0.0322702 0.0147724 0.678224
0 0.817058 0.606066 0.0264969 0.00834979 0.670536
0 0.135458 0.465156 0.0293368 0.0145234 0.669287
0 0.604166 0.591703 0.0180048 0.0202035 0.668995
0 0.354929 0.952704 0.134671 0.0602167 0.66827
0 0.0820872 0.77342 0.129194 0.0799373 0.668234
0 0.457934 0.656685 0.040356 0.0108677 0.666555
0 0.0770188 0.496799 0.0292354 0.0188906 0.666048
0 0.350393 0.715172 0.0343626 0.0166689 0.665158
0 0.943108 0.815584 0.0371548 0.0137501 0.665046
0 0.572339 0.575096 0.0283164 0.0173258 0.661806
0 0.190605 0.634587 0.0248251 0.0308197 0.656778
0 0.738888 0.701167 0.0283829 0.0173447 0.655462
0 0.914729 0.569543 0.0276941 0.0136833 0.655096
0 0.731511 0.730285 0.0491001 0.0360325 0.653712
0 0.188636 0.809626 0.041041 0.0233025 0.651292
0 0.631549 0.827031 0.0413125 0.0212348 0.642969
0 0.617418 0.943798 0.0686061 0.0241704 0.642842
0 0.652163 0.65044 0.117799 0.0376948 0.641753
0 0.0869132 0.629927 0.101674 0.0545425 0.641486
0 0.379128 0.5715 0.0240844 0.0127774 0.639895
0 0.194295 0.848462 0.0270543 0.0153885 0.639004
0 0.46308 0.540717 0.0255388 0.0182888 0.636095
0 0.814193 0.909549 0.0397947 0.0363789 0.634697
0 0.575848 0.890856 0.044272 0.0189113 0.633967
0 0.506815 0.748966 0.0276202 0.0189682 0.63227
0 0.75317 0.941579 0.0264127 0.0199957 0.631489
0 0.386249 0.531305 0.0321869 0.0155714 0.627244
0 0.855943 0.602871 0.0267122 0.0156832 0.621035
0 0.90915 0.669327 0.0262612 0.0126795 0.614734
0 0.627655 0.90884 0.0217979 0.0127972 0.613351
0 0.178704 0.77765 0.046062 0.0485466 0.612453
0 0.822385 0.806458 0.0369072 0.0268979 0.611991
0 0.720499 0.595139 0.0263306 0.0122352 0.610009
0 0.400732 0.650919 0.0334863 0.012567 0.608915
0 0.593726 0.870376 0.038932 0.0105402 0.605354
0 0.0734752 0.880418 0.110236 0.0300458 0.600894
0 0.0407699 0.720972 0.0358843 0.0161396 0.59441
0 0.902559 0.76217 0.0514209 0.0192108 0.59202
0 0.808027 0.617861 0.0341804 0.0116458 0.589449
0 0.403406 0.602284 0.0291334 0.0110689 0.588239
0 0.320585 0.482903 0.0218513 0.0212578 0.586662
0 0.308721 0.535854 0.0531827 0.0273373 0.578688
0 0.544109 0.760388 0.0478381 0.0138793 0.578021
0 0.616049 0.962137 0.0366756 0.016272 0.5774
0 0.192279 0.905492 0.0400845 0.0227663 0.576268
0 0.0731617 0.916091 0.0335424 0.012141 0.571153
0 0.773615 0.708293 0.0181266 0.0105627 0.569452
0 0.804666 0.560232 0.0241376 0.0128652 0.56799
0 0.691548 0.873865 0.0293825 0.0263768 0.563702
0 0.0359658 0.521666 0.0250844 0.017617 0.562097
0 0.187272 0.95204 0.0499456 0.0333568 0.561715
0 0.398668 0.809143 0.0181986 0.0145248 0.55598
0 0.0349013 0.923214 0.0429187 0.0247646 0.555831
0 0.631083 0.894539 0.0272088 0.01447 0.554965
0 0.173657 0.557395 0.0242137 0.0205832 0.554868
0 0.868564 0.764275 0.028504 0.0125897 0.547217
0 0.63053 0.559606 0.0278192 0.0252773 0.546963
0 0.429183 0.893188 0.0525535 0.0243023 0.541122
0 0.257061 0.609437 0.0354006 0.014143 0.539035
0 0.209097 0.749589 0.031211 0.0234537 0.526568
0 0.854825 0.467024 0.0246905 0.01299 0.522145
0 0.870528 0.916267 0.0656816 0.0484112 0.521074
0 0.811514 0.870826 0.0273404 0.0153621 0.51875
0 0.641967 0.770015 0.0172161 0.0076558 0.514489
0 0.953185 0.566098 0.0218548 0.00947935 0.512759
0 0.12977 0.910379 0.0311936 0.0110934 0.507027
0 0.252005 0.676955 0.0289935 0.0167065 0.506864
0 0.920072 0.741731 0.0217544 0.0148004 0.506317
0 0.345775 0.763775 0.0244553 0.0232305 0.503693
0 0.910446 0.816266 0.0181753 0.0134758 0.503361
0 0.98754 0.656885 0.0159691 0.0129051 0.50128
0 0.387446 0.614719 0.016398 0.0111376 0.492749
0 0.517679 0.771354 0.0313395 0.0157718 0.485199
0 0.554843 0.738448 0.0298407 0.00917571 0.483951
0 0.72734 0.82611 0.0173471 0.0143475 0.481905
0 0.240967 0.747643 0.0367473 0.0347201 0.480187
0 0.860024 0.555859 0.0208978 0.00792905 0.480091
0 0.295502 0.580708 0.0242241 0.0155414 0.473226
0 0.879478 0.7906 0.0320805 0.0278769 0.469294
0 0.772069 0.965566 0.0259327 0.0152374 0.465502
0 0.608728 0.774565 0.0462081 0.018295 0.464429
0 0.526793 0.967819 0.0187382 0.0166953 0.459783
0 0.535845 0.946275 0.0199164 0.0124096 0.459284
0 0.293074 0.555693 0.050685 0.0156872 0.457411
0 0.587897 0.682749 0.060472 0.023713 0.456658
0 0.186312 0.462273 0.0367415 0.0157058 0.454111
0 0.888156 0.574034 0.023611 0.0138562 0.453663
0 0.0483143 0.588666 0.017201 0.00912946 0.444066
0 0.733602 0.497315 0.0262315 0.013018 0.443952
0 0.558116 0.959651 0.0212817 0.00967186 0.441121
0 0.305259 0.619539 0.0316864 0.0123353 0.438614
0 0.530673 0.680892 0.0140314 0.00965196 0.438414
0 0.843468 0.64447 0.0552206 0.0288143 0.43666
0 0.159082 0.706882 0.0421865 0.0239004 0.435378
0 0.530314 0.792704 0.0220141 0.0199972 0.434384
0 0.0252661 0.749602 0.0480449 0.029933 0.432981
0 0.556238 0.60914 0.0133246 0.00976219 0.432742
0 0.74221 0.759166 0.0135626 0.014035 0.429195
0 0.682966 0.564592 0.0207037 0.0111528 0.426799
0 0.207099 0.590279 0.0654836 0.0265856 0.423598
0 0.763795 0.860279 0.0227992 0.0111088 0.42292
0 0.708304 0.686411 0.0180972 0.0154266 0.422626
0 0.248326 0.768122 0.0188482 0.0082053 0.422191
0 0.235325 0.652797 0.0692427 0.0295286 0.421574
0 0.216516 0.650751 0.0320476 0.0204014 0.420131
0 0.871573 0.927191 0.0716701 0.0708678 0.419685
0 0.24876 0.654417 0.0458324 0.0277194 0.418837
0 0.945731 0.516667 0.0252571 0.0134987 0.414849
0 0.739663 0.640022 0.036313 0.043849 0.414061
0 0.44465 0.771326 0.0175803 0.0123274 0.412054
0 0.122451 0.970187 0.0375682 0.0160108 0.409943
0 0.483323 0.865858 0.0471277 0.014817 0.408837
0 0.304557 0.917718 0.0317168 0.0137996 0.407724
0 0.97096 0.643391 0.0174091 0.00813883 0.407353
0 0.0874473 0.947164 0.0244889 0.00939562 0.403589
0 0.763322 0.530357 0.0198781 0.0136045 0.401437
0 0.791728 0.523694 0.0233902 0.0117414 0.398868
0 0.0521504 0.828156 0.0495975 0.0156444 0.398472
0 0.46507 0.587091 0.0337826 0.0225723 0.397345
0 0.177889 0.517496 0.0389959 0.0128778 0.396145
0 0.561017 0.643627 0.0493119 0.0209972 0.394388
0 0.165189 0.605382 0.0230733 0.0104438 0.393527
0 0.0379253 0.694637 0.0243297 0.0291306 0.390384
0 0.170737 0.517199 0.0425659 0.0139465 0.3902
0 0.38118 0.921708 0.048616 0.0199775 0.389003
0 0.859721 0.78688 0.0701623 0.0353809 0.387047
0 0.151663 0.941159 0.0237447 0.00927852 0.37941
0 0.738672 0.651996 0.035592 0.0210461 0.370672
0 0.26871 0.494576 0.050613 0.0210739 0.370593
0 0.792759 0.584619 0.0176211 0.0134611 0.368793
0 0.786151 0.909846 0.0173787 0.0116684 0.368787
0 0.739369 0.631505 0.0339188 0.0256624 0.36825
0 0.043716 0.827934 0.0318766 0.015168 0.364633
0 0.553555 0.53034 0.0192741 0.00755136 0.364231
0 0.453499 0.852724 0.0175803 0.0103665 0.363274
0 0.0152141 0.506017 0.0265143 0.0107496 0.359268
0 0.175503 0.686359 0.020479 0.011042 0.357995
0 0.344632 0.788804 0.018544 0.0113339 0.357851
0 0.436115 0.532863 0.0245276 0.00879119 0.354979
0 0.43016 0.896865 0.0581209 0.0322746 0.353474
0 0.880762 0.526594 0.013616 0.0119519 0.353084
0 0.162479 0.540906 0.0187406 0.0124138 0.352751
0 0.6901 0.668847 0.0161443 0.0171616 0.348381
0 0.431382 0.86289 0.0193211 0.00957673 0.348325
0 0.0840047 0.849325 0.0280488 0.0138416 0.344244
0 0.271332 0.931812 0.014117 0.00958867 0.342244
0 0.0200639 0.381928 0.0229681 0.0140404 0.340766
0 0.657323 0.739047 0.0370135 0.0186606 0.339302
0 0.40048 0.923353 0.019282 0.0182108 0.338956
0 0.0857699 0.70616 0.0702331 0.0310724 0.337776
0 0.413673 0.675626 0.0263097 0.0121702 0.330706
0 0.86694 0.790304 0.0569272 0.0301357 0.327967
0 0.515528 0.95452 0.0180545 0.0097168 0.326394
0 0.649753 0.923616 0.0277763 0.0113396 0.318575
0 0.0131027 0.531757 0.0252665 0.00946646 0.317618
0 0.616049 0.74237 0.0477539 0.0228365 0.316376
0 0.981036 0.516276 0.0337126 0.0114994 0.314943
0 0.256238 0.673681 0.040815 0.0235835 0.312707
0 0.101684 0.50293 0.0234542 0.00873282 0.310133
0 0.141488 0.669402 0.0489547 0.0358847 0.310057
0 0.0277736 0.66523 0.0324256 0.0239681 0.303527
0 0.980386 0.567402 0.0246839 0.0102324 0.301091
0 0.0792394 0.850091 0.0199283 0.0148338 0.300282
0 0.473377 0.872224 0.0680144 0.0277271 0.299797
0 0.449275 0.573015 0.0153064 0.0128919 0.295938
0 0.69027 0.735182 0.0324004 0.01303 0.295871
0 0.464091 0.822174 0.0299438 0.0114847 0.293348
0 0.822635 0.687922 0.0127448 0.00550442 0.292876
0 0.344363 0.783708 0.0179822 0.012569 0.291832
0 0.0420717 0.480936 0.0178729 0.00720061 0.29118
0 0.826214 0.809436 0.0283466 0.020863 0.288078
0 0.843024 0.783912 0.0351813 0.0268667 0.28663
0 0.119531 0.748491 0.0519193 0.0267096 0.281996
0 0.535504 0.766517 0.0670675 0.0257307 0.278316
0 0.753691 0.84625 0.0234862 0.011564 0.277572
0 0.382831 0.490394 0.0228592 0.00916025 0.275982
0 0.842811 0.635567 0.050954 0.0126596 0.275483
0 0.408807 0.82713 0.0244363 0.00938721 0.273202
0 0.241979 0.912632 0.0659221 0.0333719 0.27299
0 0.740608 0.603175 0.0201877 0.0116903 0.271607
0 0.295549 0.458881 0.0151275 0.0111658 0.270389
0 0.264611 0.43538 0.0217525 0.0116758 0.267418
0 0.542607 0.761585 0.0546787 0.0189714 0.266914
0 0.515519 0.577312 0.0164777 0.0124235 0.265287
0 0.0660368 0.683963 0.0276779 0.00988837 0.263985
0 0.68297 0.585045 0.0153316 0.00885896 0.260765
0 0.258373 0.906991 0.0603912 0.0366734 0.259451
0 0.632332 0.51016 0.0291595 0.0102192 0.258454
0 0.248599 0.908332 0.0745123 0.0382885 0.25764
0 0.0953758 0.849602 0.0158944 0.0160001 0.257388
0 0.526323 0.966695 0.0245043 0.0229615 0.256181
0 0.050705 0.51593 0.0160009 0.0143196 0.255344
0 0.452604 0.876362 0.0296231 0.0185124 0.250577
