0 0.74134 0.840079 0.192783 0.0496342 0.909684
0 0.35661 0.546841 0.12762 0.0377379 0.888949
0 0.860293 0.580052 0.0923967 0.0629949 0.886002
0 0.703772 0.702239 0.0934521 0.0567413 0.883891
0 0.214428 0.592094 0.0985686 0.0325685 0.880501
0 0.772235 0.582437 0.101916 0.0469084 0.871266
0 0.665657 0.593213 0.0971662 0.0515736 0.870351
0 0.819564 0.520611 0.0494342 0.033274 0.869474
0 0.227346 0.725426 0.0775597 0.0525135 0.869245
0 0.587148 0.540837 0.0793574 0.0380254 0.86617
0 0.381856 0.654391 0.0776231 0.041053 0.862942
0 0.114933 0.696797 0.0420338 0.0218291 0.862659
0 0.426852 0.776384 0.102981 0.0346272 0.861383
0 0.0833145 0.759237 0.10524 0.0440706 0.860312
0 0.507792 0.751329 0.116622 0.0650183 0.856302
0 0.487487 0.509142 0.0345981 0.0204152 0.856193
0 0.430885 0.468637 0.0532208 0.024729 0.855
0 0.184888 0.631277 0.0776811 0.0462814 0.854182
0 0.588565 0.576597 0.0773664 0.0286141 0.850354
0 0.896498 0.513447 0.0563566 0.0288869 0.847444
0 0.679208 0.910226 0.0742859 0.0434017 0.84369
0 0.373584 0.882238 0.066542 0.0387535 0.837497
0 0.0549889 0.645574 0.0372021 0.0291305 0.832887
0 0.876253 0.868569 0.105606 0.0546673 0.826061
0 0.20496 0.925688 0.0616612 0.0597811 0.82506
0 0.380285 0.717291 0.156581 0.0969806 0.821735
0 0.790595 0.658049 0.060881 0.0368134 0.819652
0 0.802426 0.688415 0.0615147 0.040287 0.819225
0 0.124821 0.591462 0.0557914 0.0201976 0.819
0 0.78013 0.492597 0.0592229 0.0198622 0.815083
0 0.449563 0.612916 0.093395 0.0502736 0.813918
0 0.527333 0.53215 0.0423096 0.0413235 0.813279
0 0.681971 0.534316 0.0364215 0.0172716 0.812792
0 0.290942 0.799796 0.0611328 0.0258398 0.811956
0 0.84637 0.635922 0.0582386 0.022347 0.810853
0 0.280561 0.614955 0.0518678 0.0166006 0.81063
0 0.303562 0.70322 0.0614441 0.0490629 0.810112
0 0.557079 0.934047 0.0424098 0.0229843 0.807841
0 0.0304774 0.863068 0.0503485 0.0301837 0.807048
0 0.340986 0.583864 0.0581179 0.0259859 0.806626
0 0.788875 0.412861 0.0645951 0.036005 0.804601
0 0.777584 0.546263 0.0309476 0.0161957 0.804564
0 0.495947 0.891263 0.0419775 0.023917 0.801178
0 0.915411 0.912983 0.114768 0.0372297 0.800478
0 0.829426 0.443892 0.0344077 0.015445 0.799746
0 0.225553 0.667084 0.0548261 0.0260973 0.799143
0 0.0546378 0.68799 0.0666426 0.0557592 0.798323
0 0.512148 0.858301 0.0556934 0.0311327 0.797768
0 0.460176 0.669655 0.0743741 0.0298243 0.797391
0 0.545401 0.880151 0.0368395 0.0209236 0.796813
0 0.175208 0.746687 0.0459454 0.0272663 0.79452
0 0.653885 0.762191 0.0589603 0.041546 0.792036
0 0.604187 0.889821 0.096168 0.0772932 0.790119
0 0.551054 0.626421 0.101816 0.0452486 0.786325
0 0.176402 0.689424 0.0523459 0.0545814 0.784926
0 0.59548 0.770704 0.0651215 0.0364462 0.784218
0 0.400483 0.590035 0.0616018 0.0213827 0.783894
0 0.0818957 0.904031 0.152362 0.0531998 0.779329
0 0.541282 0.706792 0.0483945 0.0169061 0.776556
0 0.731787 0.91955 0.0508225 0.0388988 0.776098
0 0.501554 0.584128 0.0295241 0.0111994 0.771253
0 0.0389487 0.825863 0.0739635 0.0440471 0.771046
0 0.493622 0.91852 0.0464045 0.029064 0.769113
0 0.820259 0.473714 0.0381085 0.0208614 0.768766
0 0.430979 0.898223 0.0518698 0.021386 0.767881
0 0.883492 0.478522 0.0523036 0.0170714 0.767192
0 0.120485 0.537027 0.0572114 0.0581495 0.766819
0 0.903045 0.441334 0.0335467 0.0196451 0.762392
0 0.308905 0.896793 0.115244 0.0761082 0.761184
0 0.38379 0.804223 0.0668849 0.0234946 0.758604
0 0.687808 0.419321 0.0305059 0.0147711 0.756852
0 0.527035 0.563961 0.0358167 0.0199747 0.756397
0 0.43599 0.865814 0.0552279 0.0315074 0.754022
0 0.630082 0.733707 0.0554944 0.0355299 0.75381
0 0.0569954 0.606333 0.0295358 0.0271456 0.751921
0 0.24721 0.774731 0.0606303 0.028691 0.751808
0 0.570568 0.663438 0.18216 0.0508752 0.751337
0 0.476619 0.807625 0.105775 0.037948 0.751198
0 0.746386 0.744179 0.0643366 0.0288147 0.749234
0 0.475407 0.528297 0.046497 0.0132198 0.747811
0 0.926997 0.575134 0.0915437 0.0981695 0.741316
0 0.214245 0.797266 0.086255 0.0232022 0.724645
0 0.730139 0.452257 0.0454589 0.0139682 0.724018
0 0.827588 0.743218 0.0977073 0.0458679 0.722393
0 0.237224 0.849392 0.0684643 0.0385012 0.721514
0 0.898579 0.731507 0.0426021 0.0352472 0.71745
0 0.138188 0.748783 0.0228361 0.0125473 0.717249
0 0.891163 0.943286 0.0447721 0.0260861 0.716133
0 0.919831 0.760483 0.0484359 0.028264 0.707697
0 0.928054 0.483324 0.0563378 0.0413937 0.702494
0 0.706671 0.635573 0.0558901 0.0269407 0.694425
0 0.0277082 0.792009 0.0524996 0.031225 0.693251
0 0.299006 0.58222 0.0296013 0.0117131 0.692593
0 0.0490566 0.938846 0.0705939 0.0285288 0.688005
0 0.0849517 0.581009 0.0366434 0.0207578 0.686017
0 0.604515 0.506044 0.0353462 0.0218656 0.682447
0 0.373765 0.830593 0.133229 0.0499199 0.671604
0 0.729925 0.656317 0.0594187 0.0250328 0.671379
0 0.243136 0.548244 0.0652171 0.0298138 0.671127
0 0.128889 0.645918 0.0948951 0.03543 0.669685
0 0.662617 0.473668 0.078726 0.0349791 0.664463
0 0.416145 0.509909 0.0335124 0.0156934 0.659856
0 0.45335 0.639064 0.0608283 0.0349369 0.657935
0 0.609226 0.455985 0.0257284 0.0231291 0.655491
0 0.744142 0.419454 0.0364361 0.0234599 0.655302
0 0.566254 0.511457 0.0402388 0.0174841 0.651068
0 0.472929 0.848754 0.040756 0.0295616 0.650359
0 0.138828 0.779918 0.0215012 0.025807 0.647804
0 0.236177 0.643524 0.0183363 0.0129048 0.642254
0 0.630674 0.691417 0.04654 0.0208365 0.637613
0 0.550814 0.803849 0.0411605 0.0189922 0.637528
0 0.883627 0.692412 0.0701009 0.0350014 0.634462
0 0.568703 0.490716 0.0383696 0.0194824 0.633823
0 0.267577 0.573914 0.0290562 0.0272331 0.633337
0 0.983112 0.516808 0.0337761 0.0279827 0.628442
0 0.410906 0.687312 0.0471572 0.0265581 0.627024
0 0.935719 0.628621 0.026403 0.019418 0.622263
0 0.717366 0.515343 0.0317727 0.0273727 0.620189
0 0.938387 0.707195 0.0537708 0.0258555 0.618713
0 0.884566 0.42119 0.0448842 0.0200388 0.613157
0 0.659632 0.64385 0.0643321 0.035215 0.598735
0 0.730848 0.894164 0.0293249 0.0173057 0.598554
0 0.255455 0.678117 0.0247292 0.0192316 0.597404
0 0.259595 0.921449 0.0522855 0.0562221 0.592099
0 0.14428 0.78009 0.0328023 0.0261557 0.588917
0 0.761161 0.61532 0.0297845 0.0128138 0.588332
0 0.585135 0.710468 0.0358531 0.0115068 0.58833
0 0.0373857 0.717982 0.0390082 0.023291 0.586053
0 0.742657 0.628496 0.040619 0.0170705 0.581481
0 0.444965 0.9486 0.0282309 0.0304028 0.580551
0 0.84764 0.918444 0.0309007 0.0180808 0.574951
0 0.564563 0.425486 0.0499448 0.0250356 0.57254
0 0.656782 0.876579 0.0296347 0.0123186 0.568077
0 0.288874 0.964102 0.0764792 0.0266834 0.566201
0 0.217655 0.691607 0.037237 0.0199339 0.566094
0 0.28407 0.479023 0.0314451 0.0141702 0.558093
0 0.65041 0.541431 0.0212559 0.0121901 0.551947
0 0.292224 0.635457 0.0484843 0.0220086 0.550113
0 0.153663 0.876596 0.0890441 0.0351364 0.548938
0 0.662297 0.480895 0.0786003 0.049709 0.547107
0 0.707228 0.756559 0.0382767 0.0246994 0.543839
0 0.189836 0.846502 0.0446068 0.0286251 0.542333
0 0.325195 0.766129 0.0412107 0.0403358 0.533317
0 0.640122 0.941442 0.0413032 0.0234592 0.532535
0 0.609978 0.816415 0.0591994 0.0356362 0.527037
0 0.649538 0.799863 0.0437037 0.0182844 0.524701
0 0.15896 0.776312 0.0224398 0.0218415 0.508838
0 0.758234 0.722426 0.0453156 0.0319853 0.505572
0 0.250109 0.69507 0.0219144 0.013943 0.504158
0 0.250984 0.631676 0.0234915 0.0120163 0.503403
0 0.806199 0.714293 0.0670233 0.0221005 0.499417
0 0.297682 0.527936 0.0221457 0.0127856 0.496707
0 0.650367 0.396497 0.0374363 0.0124898 0.495936
0 0.675719 0.738428 0.0404322 0.0181917 0.481952
0 0.586371 0.818116 0.107554 0.0410328 0.474244
0 0.302216 0.846083 0.0353304 0.0314802 0.473469
0 0.697121 0.804372 0.0385582 0.0211551 0.471339
0 0.562429 0.832998 0.0591715 0.0211025 0.470299
0 0.879338 0.619706 0.0216917 0.00773976 0.468979
0 0.460776 0.552296 0.0176583 0.0146551 0.467064
0 0.672159 0.494538 0.0572519 0.0241348 0.460523
0 0.774318 0.529317 0.0157798 0.0106363 0.458128
0 0.811826 0.544259 0.021326 0.00911083 0.456016
0 0.558146 0.78482 0.0361938 0.0272484 0.453784
0 0.622152 0.707331 0.0166911 0.00839138 0.452137
0 0.874985 0.421924 0.0629733 0.0176814 0.445145
0 0.585766 0.697605 0.0345178 0.0129775 0.442112
0 0.788543 0.886213 0.0678926 0.0729728 0.4371
0 0.58273 0.69505 0.0381896 0.0179638 0.436779
0 0.528133 0.949487 0.062133 0.0384701 0.434398
0 0.594363 0.742509 0.0165074 0.0116748 0.434068
0 0.688682 0.789197 0.0523699 0.0282053 0.427962
0 0.110449 0.805245 0.0478466 0.0234085 0.427325
0 0.322463 0.946686 0.0187065 0.00957755 0.420052
0 0.260817 0.934126 0.0498028 0.0301312 0.41853
0 0.731651 0.534733 0.0267629 0.0201691 0.415402
0 0.954217 0.43136 0.0491117 0.0419481 0.414066
0 0.819751 0.783414 0.0350676 0.0317462 0.40779
0 0.605698 0.60915 0.0213663 0.0106207 0.407761
0 0.603848 0.844133 0.020317 0.0108856 0.403696
0 0.659286 0.568002 0.0258322 0.0210938 0.400242
0 0.667852 0.48939 0.0667626 0.0360174 0.395653
0 0.762163 0.93545 0.0219407 0.0206192 0.395299
0 0.813062 0.945247 0.0786965 0.0341022 0.394693
0 0.739725 0.675424 0.0278253 0.0203017 0.385474
0 0.0222405 0.628836 0.0414627 0.0276383 0.384452
0 0.956067 0.605714 0.0281379 0.0218998 0.378825
0 0.952682 0.468562 0.0220621 0.0158909 0.375057
0 0.262382 0.763089 0.0384144 0.0153633 0.370459
0 0.912927 0.371267 0.0321541 0.02174 0.358482
0 0.758357 0.878664 0.0279151 0.0126705 0.357145
0 0.764599 0.769874 0.0619434 0.0242324 0.355193
0 0.444752 0.566504 0.0129127 0.0165248 0.352645
0 0.950037 0.735397 0.0582865 0.0352041 0.350618
0 0.688823 0.795193 0.0574516 0.0401533 0.350169
0 0.800955 0.467486 0.0202166 0.016477 0.33544
0 0.817255 0.714018 0.0434482 0.0217304 0.3328
0 0.264347 0.925485 0.0437967 0.045639 0.3325
0 0.798819 0.873117 0.0473714 0.0460774 0.332254
0 0.0572341 0.555631 0.096149 0.0304725 0.330924
0 0.47653 0.943658 0.0189842 0.0164562 0.329126
0 0.286707 0.738075 0.0228915 0.0137339 0.326143
0 0.930294 0.657271 0.112675 0.0609508 0.323635
0 0.51238 0.411672 0.0164408 0.0156107 0.320318
0 0.880516 0.420603 0.0575184 0.0223536 0.319456
0 0.797864 0.883111 0.0501365 0.0660177 0.316578
0 0.578653 0.457983 0.0158869 0.00739231 0.313566
0 0.136316 0.641599 0.0878851 0.0365457 0.313523
0 0.247703 0.84858 0.0486961 0.035998 0.310304
0 0.577398 0.602175 0.0147266 0.00947912 0.307688
0 0.417965 0.435778 0.0189821 0.0180451 0.305686
0 0.879469 0.786955 0.0395329 0.0408184 0.303561
0 0.135357 0.846564 0.139662 0.0924193 0.302781
0 0.757042 0.727237 0.0491806 0.0308111 0.300914
0 0.355012 0.939669 0.0448574 0.0177395 0.294877
0 0.134281 0.825417 0.132171 0.0483313 0.294679
0 0.0899333 0.865292 0.0692239 0.0355367 0.285641
0 0.58419 0.794884 0.0256918 0.0142991 0.283802
0 0.915301 0.375417 0.0318907 0.0291016 0.274125
0 0.973206 0.386832 0.04254 0.0301928 0.271523
0 0.120893 0.91538 0.0751274 0.0305395 0.26694
0 0.987546 0.58829 0.0249072 0.0261067 0.259165
0 0.582499 0.826275 0.0976164 0.0346005 0.257408
0 0.323989 0.518279 0.0198612 0.0148744 0.2567
