0 0.0566618 0.600194 0.0875356 0.061099 0.906649
0 0.90194 0.683484 0.13993 0.0563654 0.896738
0 0.609321 0.552124 0.0652465 0.0247108 0.888141
0 0.370307 0.565023 0.0961115 0.0448398 0.880905
0 0.74708 0.921051 0.080468 0.0379433 0.876985
0 0.355938 0.764423 0.0785978 0.0427502 0.874027
0 0.898019 0.546525 0.080196 0.0600935 0.857308
0 0.352768 0.603723 0.0690906 0.0321726 0.849847
0 0.709854 0.884279 0.0991193 0.0518634 0.847497
0 0.181755 0.74025 0.0761148 0.0413688 0.842386
0 0.723814 0.477356 0.0509022 0.0284095 0.840957
0 0.568389 0.471131 0.0640593 0.0282652 0.838224
0 0.116944 0.637165 0.0881295 0.0367239 0.836134
0 0.732285 0.442621 0.0612233 0.0243693 0.835558
0 0.926492 0.629305 0.0862742 0.0559592 0.834465
0 0.903663 0.57558 0.0799831 0.0374639 0.831513
0 0.6085 0.644408 0.0557939 0.0483004 0.823819
0 0.726837 0.588883 0.0311862 0.0247862 0.823385
0 0.200429 0.651858 0.0492529 0.0270873 0.821838
0 0.161691 0.465259 0.0421044 0.0174523 0.82017
0 0.294575 0.869121 0.0658717 0.0299402 0.817911
0 0.429624 0.471601 0.0239418 0.0193766 0.812831
0 0.638319 0.930965 0.0509255 0.0290622 0.811921
0 0.911169 0.855656 0.0545043 0.0313411 0.81
0 0.0763571 0.817309 0.0486972 0.0327977 0.808333
0 0.90747 0.446475 0.0454534 0.0198803 0.79995
0 0.640334 0.59091 0.122869 0.0450117 0.798522
0 0.838868 0.757114 0.0437558 0.0210283 0.795057
0 0.875182 0.457107 0.0301536 0.0187055 0.794228
0 0.451673 0.759328 0.100625 0.0594786 0.792896
0 0.562138 0.654652 0.0251511 0.018294 0.792876
0 0.0403163 0.792247 0.0532968 0.0238301 0.790147
0 0.655528 0.465853 0.0561868 0.0347016 0.786006
0 0.514663 0.456297 0.0564295 0.0195053 0.785402
0 0.812625 0.404231 0.0339273 0.0234308 0.781344
0 0.705162 0.79104 0.172769 0.0768846 0.780643
0 0.0430544 0.639827 0.0566108 0.0321144 0.780621
0 0.883828 0.71522 0.0651206 0.0310329 0.778041
0 0.244563 0.726797 0.0634397 0.0465154 0.772662
0 0.889645 0.481754 0.0304512 0.0160349 0.770863
0 0.463766 0.565732 0.0815053 0.0441595 0.770781
0 0.608958 0.458995 0.0408678 0.02738 0.770033
0 0.480761 0.442711 0.029383 0.0173536 0.76691
0 0.108064 0.584808 0.0462491 0.0226128 0.764995
0 0.819757 0.631247 0.115671 0.0714334 0.764295
0 0.310039 0.617656 0.0611489 0.0269523 0.759367
0 0.366773 0.686105 0.12246 0.0459734 0.759045
0 0.829737 0.703811 0.0383776 0.0214595 0.757167
0 0.885467 0.355394 0.0406996 0.0196191 0.756299
0 0.848034 0.784832 0.062902 0.0427241 0.7562
0 0.18911 0.551102 0.10144 0.0355632 0.755424
0 0.859228 0.54036 0.0301353 0.0126337 0.753572
0 0.442706 0.495851 0.0408004 0.0242912 0.750748
0 0.700349 0.628521 0.129083 0.0551999 0.747717
0 0.705258 0.507114 0.0675133 0.0309904 0.746327
0 0.481818 0.63088 0.0263767 0.0276593 0.745379
0 0.442392 0.513899 0.0874176 0.0275674 0.740286
0 0.899794 0.779104 0.0469768 0.0241851 0.7398
0 0.659023 0.896659 0.0354634 0.0257168 0.737515
0 0.401725 0.491043 0.0213075 0.0187769 0.733442
0 0.410857 0.605774 0.0478666 0.0199452 0.732814
0 0.239866 0.89388 0.0786577 0.035291 0.731847
0 0.15729 0.87066 0.044117 0.0288655 0.730892
0 0.243183 0.865538 0.0282246 0.0156984 0.730852
0 0.968835 0.540465 0.0391678 0.0152462 0.73002
0 0.24349 0.687894 0.128891 0.0559191 0.728612
0 0.68897 0.927898 0.0412847 0.0189308 0.728052
0 0.38346 0.878554 0.0437784 0.0540469 0.727676
0 0.328972 0.823821 0.0455008 0.026141 0.725877
0 0.474824 0.474982 0.05548 0.0258151 0.72165
0 0.197011 0.519516 0.0488626 0.0262088 0.721437
0 0.492779 0.728011 0.04201 0.0244491 0.720556
0 0.308625 0.542272 0.070315 0.0330505 0.720288
0 0.570008 0.511382 0.0370783 0.026778 0.718667
0 0.502135 0.841201 0.0550293 0.0371353 0.717924
0 0.0538191 0.526414 0.0364496 0.0246836 0.713166
0 0.056441 0.554659 0.0243832 0.023682 0.712925
0 0.761394 0.516862 0.0552301 0.0328696 0.71112
0 0.353633 0.660131 0.0329166 0.0223445 0.710914
0 0.900229 0.418219 0.0553737 0.0229967 0.710144
0 0.804462 0.862825 0.0648017 0.020683 0.707336
0 0.611004 0.89005 0.0707941 0.0663128 0.706106
0 0.265481 0.479887 0.0303069 0.0180281 0.702921
0 0.826468 0.915921 0.0661398 0.0327902 0.701661
0 0.117889 0.561962 0.0456131 0.0226566 0.701133
0 0.345886 0.710943 0.0728841 0.0342607 0.698445
0 0.188513 0.873991 0.044293 0.0316044 0.687171
0 0.315477 0.732182 0.0240595 0.0155463 0.686136
0 0.309251 0.898287 0.0587703 0.0304031 0.685258
0 0.104182 0.672798 0.0771855 0.0301625 0.68406
0 0.420616 0.835201 0.136544 0.0854752 0.67961
0 0.115071 0.541104 0.0239389 0.020063 0.677699
0 0.939122 0.480039 0.01849 0.0103772 0.674311
0 0.0402612 0.66346 0.0550591 0.0156666 0.67044
0 0.678101 0.726 0.0586022 0.026229 0.667013
0 0.162402 0.502067 0.0879958 0.0282523 0.666849
0 0.14553 0.593537 0.0343441 0.0174391 0.666846
0 0.64491 0.753283 0.0961605 0.048131 0.660095
0 0.0515916 0.705299 0.0481392 0.0237226 0.65849
0 0.358852 0.518928 0.0516201 0.0219111 0.65654
0 0.223376 0.463914 0.0316536 0.0158272 0.651947
0 0.811859 0.83984 0.0701847 0.0438133 0.646343
0 0.0319797 0.56125 0.0179204 0.0127782 0.645023
0 0.225562 0.945127 0.0823061 0.0297363 0.639878
0 0.516557 0.89109 0.0698114 0.0249924 0.638756
0 0.271088 0.556116 0.0266196 0.0155569 0.636784
0 0.52757 0.631686 0.0452214 0.0253618 0.636703
0 0.521851 0.504368 0.0344721 0.0164081 0.635272
0 0.221614 0.624931 0.114614 0.0304386 0.628405
0 0.346603 0.791936 0.08179 0.0309489 0.627045
0 0.295278 0.646011 0.0388711 0.0239261 0.624609
0 0.818369 0.49518 0.0767972 0.0285253 0.6227
0 0.502937 0.799269 0.0522621 0.0395514 0.622646
0 0.66841 0.545151 0.0506225 0.0180115 0.622454
0 0.0243261 0.496332 0.0424819 0.0202009 0.622292
0 0.21762 0.590732 0.065888 0.020221 0.621743
0 0.161859 0.575603 0.0632446 0.0202965 0.621001
0 0.796584 0.568361 0.0575155 0.0290907 0.620319
0 0.496409 0.693748 0.0334489 0.0247759 0.616245
0 0.239384 0.921288 0.0690183 0.0253117 0.614698
0 0.699378 0.84082 0.151216 0.0406154 0.610805
0 0.378617 0.469956 0.0476494 0.0154793 0.609017
0 0.278673 0.508957 0.0511991 0.0239737 0.607269
0 0.350575 0.484304 0.0530781 0.0238608 0.604872
0 0.526492 0.582666 0.025823 0.0117106 0.600365
0 0.859327 0.617199 0.0243627 0.010626 0.595931
0 0.807581 0.476538 0.0273425 0.0109411 0.595092
0 0.919847 0.389409 0.0255426 0.0166611 0.591379
0 0.187546 0.484457 0.0212665 0.0104004 0.589164
0 0.611695 0.814575 0.0719547 0.0595213 0.588183
0 0.0423285 0.419584 0.0259223 0.0099065 0.586487
0 0.6524 0.527223 0.0233297 0.0136118 0.586446
0 0.198937 0.609654 0.0288109 0.0134857 0.586344
0 0.3025 0.715709 0.0275818 0.0167418 0.585829
0 0.118152 0.837331 0.0304125 0.016503 0.585481
0 0.277275 0.592191 0.0382029 0.0186909 0.577989
0 0.826283 0.88759 0.0659762 0.0306141 0.577513
0 0.832835 0.515607 0.0382422 0.025386 0.577429
0 0.670377 0.435498 0.0490178 0.0261055 0.57527
0 0.700251 0.558006 0.0526758 0.0306021 0.57459
0 0.414924 0.916172 0.0482385 0.0212203 0.574302
0 0.0852775 0.505813 0.024458 0.0167786 0.573372
0 0.865316 0.737656 0.0390741 0.0141308 0.570905
0 0.320513 0.514734 0.0351548 0.0323627 0.565162
0 0.782378 0.43723 0.0286165 0.01375 0.564981
0 0.279982 0.469103 0.0267514 0.00838166 0.561989
0 0.290257 0.673226 0.0452253 0.0139347 0.560296
0 0.256024 0.537865 0.0262965 0.0161244 0.558464
0 0.401953 0.792847 0.0247785 0.0140515 0.557645
0 0.624669 0.686535 0.172598 0.0516808 0.556707
0 0.723702 0.401993 0.0404467 0.0215363 0.556642
0 0.813498 0.777614 0.0437588 0.019862 0.550502
0 0.533132 0.393558 0.0227792 0.0102835 0.54941
0 0.319938 0.845558 0.0268255 0.0134037 0.547682
0 0.745408 0.558349 0.040363 0.0194246 0.545219
0 0.974667 0.510938 0.0506658 0.0198933 0.544172
0 0.639452 0.497003 0.0224974 0.0125355 0.542443
0 0.26815 0.515534 0.0293464 0.0151988 0.540871
0 0.447088 0.378693 0.0462641 0.019654 0.540009
0 0.704304 0.643741 0.143591 0.0862582 0.539097
0 0.442508 0.535049 0.029671 0.0102961 0.536698
0 0.485156 0.867125 0.0316677 0.0113499 0.535114
0 0.668028 0.401797 0.0225386 0.0108034 0.533842
0 0.790149 0.455953 0.0199474 0.0238363 0.532718
0 0.355941 0.854449 0.0611183 0.0468431 0.531856
0 0.851786 0.342594 0.0200695 0.0131624 0.531549
0 0.820732 0.532646 0.0514669 0.0181395 0.529076
0 0.327033 0.64997 0.0277142 0.0217548 0.528661
0 0.10133 0.720592 0.0816269 0.0617194 0.528053
0 0.474803 0.65914 0.135213 0.0351746 0.526335
0 0.730976 0.542631 0.0232644 0.0127024 0.525873
0 0.114118 0.6136 0.0323095 0.0298044 0.52253
0 0.706796 0.418953 0.03908 0.0164611 0.52197
0 0.553667 0.884277 0.0262536 0.0131145 0.519776
0 0.278888 0.744601 0.0216274 0.00851119 0.513465
0 0.568242 0.931102 0.103571 0.0504131 0.512566
0 0.831015 0.556832 0.0327345 0.0183516 0.511898
0 0.866737 0.515212 0.0149085 0.00946922 0.509518
0 0.79725 0.684777 0.0361759 0.0296579 0.505417
0 0.825073 0.820152 0.0426083 0.0123638 0.504047
0 0.524616 0.687929 0.0244759 0.017584 0.498018
0 0.176675 0.693626 0.0842951 0.0382153 0.494831
0 0.972517 0.434891 0.0471648 0.0183434 0.492104
0 0.947253 0.778911 0.042199 0.0259353 0.490123
0 0.346349 0.88786 0.0269082 0.013643 0.489991
0 0.549249 0.76452 0.109774 0.0500168 0.489007
0 0.630401 0.403227 0.0231611 0.0278354 0.481464
0 0.448067 0.660331 0.0819247 0.0336252 0.478291
0 0.268433 0.634637 0.0341668 0.0207365 0.475817
0 0.676644 0.664543 0.0693505 0.0192633 0.470671
0 0.525883 0.537024 0.106179 0.048812 0.463909
0 0.17395 0.744621 0.0559846 0.034005 0.463698
0 0.766208 0.579451 0.033624 0.019109 0.461633
0 0.856511 0.394103 0.0583757 0.01543 0.460478
0 0.311301 0.47361 0.0305339 0.0117282 0.459
0 0.368034 0.635268 0.0402661 0.0107494 0.457728
0 0.708881 0.564538 0.0360287 0.0171612 0.455537
0 0.451335 0.711479 0.046694 0.0366709 0.452137
0 0.387356 0.730487 0.062176 0.0269659 0.449097
0 0.520394 0.925874 0.0365357 0.0296963 0.448444
0 0.0132437 0.533705 0.0260043 0.0334631 0.447446
0 0.744603 0.65627 0.0606562 0.0597335 0.447345
0 0.437141 0.629245 0.0362306 0.0253566 0.445172
0 0.593785 0.720344 0.0607247 0.0284281 0.443507
0 0.405881 0.578928 0.0269805 0.0222331 0.442184
0 0.179107 0.912515 0.0551386 0.0241291 0.441198
0 0.29562 0.431499 0.0302031 0.0205079 0.437984
0 0.841469 0.600673 0.0319178 0.0133281 0.432604
0 0.244988 0.797715 0.130396 0.106377 0.432144
0 0.451505 0.61136 0.0229393 0.0143904 0.422334
0 0.207669 0.797409 0.205469 0.107277 0.422296
0 0.281054 0.597982 0.0449814 0.0200312 0.418697
0 0.625616 0.438191 0.0238689 0.0158663 0.417465
0 0.339356 0.442801 0.0194098 0.0154198 0.41044
0 0.560803 0.539547 0.0348602 0.023978 0.409959
0 0.202256 0.400963 0.0267458 0.0126813 0.4081
0 0.0936621 0.503098 0.0415376 0.022866 0.406648
0 0.115783 0.671927 0.0956066 0.0349116 0.404309
0 0.181195 0.84849 0.0345529 0.0189044 0.40292
0 0.967476 0.463721 0.0216152 0.0188034 0.402846
0 0.0440362 0.433533 0.028857 0.0073759 0.39853
0 0.89665 0.889617 0.114742 0.0502005 0.395116
0 0.908903 0.808806 0.110973 0.0385102 0.393708
0 0.969961 0.658587 0.0295301 0.0200525 0.3915
0 0.151897 0.796903 0.0972233 0.0588365 0.390827
0 0.868709 0.859404 0.0259045 0.0097111 0.390786
0 0.435726 0.570247 0.0250843 0.021159 0.390774
0 0.45511 0.700562 0.0576715 0.058536 0.387686
0 0.413458 0.947531 0.0465988 0.023867 0.385736
0 0.842177 0.423422 0.0196482 0.0134302 0.381657
0 0.872796 0.833427 0.0546144 0.029464 0.379803
0 0.357135 0.514473 0.0550723 0.0306754 0.372987
0 0.521902 0.605261 0.125392 0.035615 0.371813
0 0.603391 0.526726 0.0426635 0.0153264 0.37175
0 0.829245 0.384318 0.0205738 0.0106644 0.369366
0 0.441467 0.691731 0.0330115 0.0402192 0.364923
0 0.983019 0.477216 0.0335081 0.0117635 0.364102
0 0.448429 0.895943 0.0712576 0.0379754 0.363772
0 0.736663 0.66383 0.0463188 0.043983 0.360218
0 0.740014 0.715822 0.0967946 0.0701828 0.357386
0 0.161709 0.688317 0.117271 0.0503857 0.356223
0 0.0865054 0.504246 0.0303121 0.0192101 0.348557
0 0.439727 0.68643 0.0304008 0.0282141 0.3482
0 0.797983 0.590297 0.0140141 0.00898325 0.347767
0 0.104855 0.718737 0.0581972 0.05747 0.347565
0 0.0179649 0.847951 0.026255 0.0136891 0.347379
0 0.389613 0.622326 0.0237499 0.0147238 0.346801
0 0.769481 0.460408 0.016321 0.0120663 0.346052
0 0.806726 0.56686 0.0799028 0.033899 0.345828
0 0.26959 0.796796 0.0858118 0.104108 0.33869
0 0.676469 0.426774 0.0679215 0.0438524 0.337705
0 0.552621 0.6083 0.0639784 0.0308073 0.335238
0 0.757649 0.700366 0.0609768 0.0355717 0.33488
0 0.26798 0.494717 0.027469 0.00892736 0.333657
0 0.494226 0.693441 0.0484123 0.0269129 0.332171
0 0.687561 0.381034 0.0300645 0.0146693 0.331522
0 0.853281 0.390783 0.0677481 0.0236969 0.324783
0 0.604658 0.508007 0.0229183 0.00825462 0.32463
0 0.667968 0.552812 0.0387003 0.0297463 0.319983
0 0.278835 0.590403 0.0419829 0.0254215 0.318408
0 0.509335 0.53764 0.0709206 0.0482805 0.315159
0 0.072529 0.842385 0.0502247 0.0312187 0.315099
0 0.282621 0.701003 0.0492283 0.0284167 0.315093
0 0.0493368 0.490404 0.0207921 0.014156 0.314854
0 0.581175 0.671785 0.017093 0.0141049 0.314721
0 0.52608 0.577836 0.0298507 0.020661 0.311652
0 0.562269 0.628934 0.0203451 0.0109027 0.308696
0 0.1576 0.646158 0.0359072 0.0167845 0.303678
0 0.896141 0.878764 0.0279184 0.0168993 0.300435
0 0.372282 0.635475 0.04749 0.0145447 0.299878
0 0.537713 0.671159 0.0257933 0.0157757 0.297673
0 0.0999714 0.735218 0.077371 0.0345957 0.296613
0 0.0754814 0.44142 0.0170546 0.00714776 0.293692
0 0.493599 0.604406 0.0683667 0.0281193 0.293179
0 0.314811 0.485424 0.0223543 0.0110782 0.292093
0 0.239877 0.721348 0.079345 0.0507206 0.290104
0 0.028947 0.687111 0.0554344 0.0306536 0.288972
0 0.914754 0.49466 0.0175636 0.0101983 0.284919
0 0.975601 0.575322 0.0431177 0.0499058 0.283476
0 0.0743166 0.691297 0.0250346 0.00950204 0.280556
0 0.81531 0.941394 0.0805082 0.0382027 0.279689
0 0.106035 0.494932 0.0185216 0.00701656 0.279156
0 0.105601 0.8583 0.0545346 0.045734 0.277059
0 0.568086 0.694673 0.0694497 0.0375297 0.274401
0 0.706968 0.701768 0.0209671 0.0103804 0.270183
0 0.282687 0.59535 0.0449628 0.0273406 0.269728
0 0.914154 0.571737 0.049077 0.0293099 0.269566
0 0.54168 0.802321 0.0426554 0.0290824 0.268725
0 0.921916 0.456333 0.0156353 0.00619312 0.267254
0 0.470529 0.689975 0.019334 0.0155821 0.264513
0 0.557182 0.610495 0.0541161 0.0254654 0.26415
0 0.56997 0.696909 0.0638635 0.028308 0.263706
0 0.165831 0.505307 0.108735 0.0406181 0.262293
0 0.752696 0.710238 0.0715031 0.0553233 0.260666
0 0.450424 0.717394 0.0450344 0.0275764 0.260365
0 0.220258 0.490753 0.0132929 0.00949056 0.254706
0 0.423519 0.534342 0.0145126 0.00880032 0.252557
0 0.142439 0.683076 0.157088 0.0646594 0.25174
0 0.936171 0.9041 0.0471108 0.0401676 0.251207
