0 0.864891 0.770593 0.0707735 0.0219289 0.877143
0 0.53262 0.667936 0.0404321 0.0238638 0.866624
0 0.312362 0.812899 0.0611779 0.0350958 0.85772
0 0.619462 0.748988 0.0724976 0.026404 0.854448
0 0.424449 0.897664 0.0910475 0.0510895 0.852243
0 0.715871 0.654582 0.0432389 0.0257362 0.843809
0 0.813709 0.844643 0.0326189 0.0262104 0.838876
0 0.295424 0.718405 0.0638964 0.035212 0.836972
0 0.370542 0.576454 0.0640138 0.0265333 0.835682
0 0.777053 0.907168 0.0610278 0.0495901 0.834481
0 0.0795093 0.684182 0.0347142 0.0206163 0.833157
0 0.887762 0.643448 0.0348898 0.0190559 0.832087
0 0.709246 0.860873 0.0727821 0.0236302 0.831538
0 0.471114 0.780353 0.0452686 0.0358695 0.82973
0 0.791872 0.796678 0.0969729 0.0354439 0.820938
0 0.632516 0.722502 0.0479044 0.0244966 0.820079
0 0.649926 0.784814 0.173307 0.0331677 0.818948
0 0.394388 0.871011 0.0520342 0.0352137 0.81387
0 0.0794591 0.737343 0.148724 0.0621992 0.810469
0 0.227344 0.654424 0.0393414 0.0145298 0.809201
0 0.846042 0.717247 0.0314665 0.0179652 0.806733
0 0.316644 0.92615 0.0417289 0.0188137 0.804085
0 0.215805 0.633407 0.04146 0.0154863 0.803139
0 0.0789398 0.468972 0.0383403 0.0204784 0.801229
0 0.469272 0.605375 0.0516943 0.0225349 0.796881
0 0.0837692 0.817435 0.042925 0.0185875 0.796649
0 0.93927 0.653871 0.0588979 0.0256119 0.793483
0 0.724308 0.737393 0.129488 0.0631099 0.793459
0 0.344397 0.692698 0.045601 0.0223204 0.793096
0 0.506021 0.912715 0.0780133 0.0472661 0.791184
0 0.583364 0.640558 0.0355505 0.015017 0.789939
0 0.95639 0.765396 0.0280914 0.0225351 0.789062
0 0.233184 0.874517 0.106769 0.0634446 0.788986
0 0.901532 0.91365 0.151662 0.0466888 0.787303
0 0.438432 0.642179 0.0238684 0.012043 0.784837
0 0.17369 0.83127 0.0257553 0.0142754 0.784067
0 0.554067 0.812619 0.0300859 0.041296 0.783335
0 0.706849 0.914506 0.060579 0.0214452 0.781491
0 0.401873 0.609165 0.0403033 0.0172573 0.777172
0 0.678811 0.897325 0.0255483 0.0185791 0.777154
0 0.868526 0.819302 0.104042 0.036565 0.774402
0 0.790956 0.6713 0.0708937 0.0406762 0.772239
0 0.584644 0.724296 0.0408567 0.0190554 0.766396
0 0.246284 0.835594 0.0319624 0.0162094 0.761754
0 0.422715 0.821496 0.0725159 0.0550723 0.760504
0 0.194345 0.682069 0.0342472 0.0129387 0.759884
0 0.505288 0.590017 0.0300483 0.0150248 0.759303
0 0.0239911 0.691391 0.0439651 0.0460895 0.752068
0 0.902123 0.755206 0.0217921 0.0140795 0.743238
0 0.818997 0.700451 0.0517216 0.0161592 0.741355
0 0.465068 0.727791 0.0493953 0.0143575 0.733579
0 0.638755 0.636668 0.03075 0.0405823 0.733069
0 0.836364 0.732111 0.0584006 0.0247081 0.72826
0 0.272945 0.756131 0.0722022 0.0273499 0.728098
0 0.224853 0.747163 0.0193757 0.0137701 0.721047
0 0.116404 0.679867 0.0196159 0.0178276 0.720846
0 0.521501 0.75083 0.0312349 0.0168095 0.719336
0 0.277471 0.645915 0.0398688 0.0264951 0.718008
0 0.358333 0.759452 0.10436 0.0525745 0.713628
0 0.29341 0.786554 0.0328284 0.0145551 0.712867
0 0.621184 0.80452 0.0400376 0.0149666 0.712387
0 0.438577 0.690247 0.139939 0.0511984 0.700889
0 0.527797 0.709865 0.0601107 0.0442953 0.700454
0 0.0441059 0.870498 0.0323057 0.0329578 0.700425
0 0.595685 0.666047 0.0245512 0.0166155 0.700244
0 0.549074 0.569801 0.0275082 0.0132008 0.699803
0 0.561316 0.60533 0.0451025 0.0180967 0.697735
0 0.729896 0.886125 0.0283947 0.0210573 0.697704
0 0.224124 0.595545 0.0282581 0.0136957 0.69566
0 0.120751 0.84929 0.0786062 0.0403881 0.693132
0 0.138773 0.715032 0.101951 0.0522179 0.688857
0 0.24784 0.691222 0.0574622 0.0291558 0.684969
0 0.475984 0.87287 0.0569239 0.0364197 0.677573
0 0.702089 0.834198 0.0203412 0.0142761 0.677159
0 0.431486 0.59412 0.0244307 0.00916694 0.676242
0 0.843174 0.873177 0.0618103 0.0331486 0.674027
0 0.104415 0.783976 0.139727 0.0315834 0.673889
0 0.0936924 0.520984 0.0814182 0.0413941 0.671695
0 0.255322 0.806977 0.0617278 0.0427576 0.671402
0 0.160473 0.626608 0.05337 0.0305336 0.666423
0 0.115772 0.583024 0.0484553 0.0141179 0.658168
0 0.783248 0.831725 0.0348215 0.0198692 0.657673
0 0.649529 0.877877 0.0228024 0.0139698 0.656858
0 0.845617 0.636605 0.0474428 0.019518 0.655995
0 0.0945392 0.630987 0.0510343 0.0433552 0.655501
0 0.188646 0.781413 0.0266025 0.0197388 0.652201
0 0.183165 0.491907 0.0405155 0.0158876 0.650429
0 0.507026 0.772281 0.0243942 0.0145911 0.646277
0 0.816543 0.610277 0.0169168 0.0156237 0.646267
0 0.83925 0.901252 0.0639162 0.0310005 0.645488
0 0.303239 0.590304 0.037881 0.0137253 0.644072
0 0.0626224 0.66523 0.0312228 0.0188145 0.642987
0 0.299381 0.840343 0.0245601 0.0179003 0.642639
0 0.854563 0.577099 0.0274553 0.0117924 0.639214
0 0.536157 0.872931 0.0626047 0.0411313 0.634164
0 0.348436 0.940603 0.0547975 0.0231659 0.630643
0 0.0962303 0.884848 0.0735475 0.0299505 0.62881
0 0.036273 0.567005 0.0193197 0.0145799 0.626865
0 0.952406 0.714234 0.0371308 0.0242544 0.622891
0 0.252438 0.933163 0.0708192 0.0379395 0.6192
0 0.803697 0.933393 0.0341558 0.0345085 0.618171
0 0.669004 0.672385 0.0192036 0.0109299 0.616364
0 0.428556 0.577407 0.0269812 0.0104204 0.616205
0 0.737389 0.82639 0.0250729 0.0129995 0.611593
0 0.0671137 0.551747 0.0278982 0.0121897 0.61131
0 0.593897 0.869504 0.0849163 0.0859123 0.597244
0 0.161118 0.861022 0.0489407 0.0337344 0.59401
0 0.459732 0.59133 0.0237051 0.0115925 0.587527
0 0.22029 0.781088 0.0349986 0.0241461 0.582088
0 0.0145948 0.596509 0.0276791 0.0213117 0.571583
0 0.46783 0.930656 0.061472 0.028764 0.567838
0 0.205938 0.838495 0.0167407 0.0138003 0.563313
0 0.970004 0.791695 0.0321081 0.0188207 0.556022
0 0.520171 0.612805 0.0286775 0.0121592 0.540517
0 0.722071 0.632417 0.0171701 0.0101738 0.528028
0 0.637107 0.917823 0.0826447 0.0374382 0.518745
0 0.492153 0.702597 0.0355563 0.0273926 0.514919
0 0.58082 0.9312 0.0320252 0.0144348 0.510317
0 0.296747 0.537121 0.0256294 0.0115579 0.509234
0 0.162092 0.555615 0.0279337 0.00730342 0.508798
0 0.836042 0.636859 0.0303758 0.0191991 0.508516
0 0.0663332 0.579946 0.0260204 0.0131694 0.507714
0 0.0569449 0.904648 0.0383694 0.0188317 0.499072
0 0.0342771 0.663741 0.0221428 0.0128762 0.493839
0 0.690591 0.765798 0.0282651 0.0151011 0.490515
0 0.766337 0.780034 0.0557152 0.0179671 0.48584
0 0.655589 0.9176 0.0456629 0.0361802 0.485221
0 0.0290138 0.82228 0.0517044 0.052194 0.463016
0 0.129754 0.816687 0.0212288 0.0111103 0.450396
0 0.495958 0.833867 0.0898241 0.0471671 0.449093
0 0.0658863 0.856818 0.0211403 0.0164032 0.444423
0 0.174947 0.512523 0.0191055 0.0116209 0.443918
0 0.273927 0.874288 0.19191 0.0638775 0.443113
0 0.174816 0.740377 0.0317301 0.0322352 0.443011
0 0.0392394 0.635073 0.0784787 0.0395434 0.437379
0 0.382902 0.846657 0.0175999 0.00856174 0.432802
0 0.283345 0.628486 0.0251027 0.0099821 0.432072
0 0.260923 0.566475 0.0150701 0.0110445 0.427942
0 0.11353 0.494452 0.0491928 0.0343399 0.426943
0 0.74267 0.68485 0.0165682 0.0164391 0.42583
0 0.89789 0.729054 0.0128761 0.0128294 0.425601
0 0.427925 0.856352 0.0210479 0.0129321 0.41853
0 0.335458 0.617993 0.0199981 0.0101286 0.407222
0 0.532195 0.721894 0.0381672 0.0193379 0.396012
0 0.0747478 0.842007 0.0191471 0.0105488 0.384583
0 0.113015 0.802628 0.0221826 0.0095789 0.382362
0 0.0929573 0.621072 0.0479612 0.0224126 0.378494
0 0.712033 0.517699 0.0225324 0.0125465 0.376718
0 0.0318815 0.497436 0.0367178 0.0123131 0.372102
0 0.732611 0.933616 0.0604764 0.0241981 0.370762
0 0.573983 0.870147 0.124679 0.0900085 0.36992
0 0.214403 0.557544 0.0214408 0.00778962 0.365131
0 0.116573 0.490303 0.0426575 0.0258398 0.359048
0 0.2281 0.71586 0.0189068 0.00832298 0.35785
0 0.880159 0.706652 0.0173392 0.00771964 0.357527
0 0.943865 0.828984 0.0991994 0.0525345 0.354329
0 0.293411 0.765049 0.0238475 0.0114402 0.350044
0 0.888762 0.888985 0.0274334 0.0163418 0.347773
0 0.462218 0.826146 0.0389286 0.0222369 0.344273
0 0.857583 0.87659 0.0919452 0.0408995 0.343485
0 0.988971 0.657326 0.0220582 0.0153421 0.323744
0 0.269357 0.674036 0.0201478 0.0116846 0.315526
0 0.067472 0.78434 0.0649396 0.0304811 0.310681
0 0.402291 0.74728 0.0185926 0.00852611 0.306913
0 0.207639 0.731 0.0170883 0.00751917 0.306036
0 0.331656 0.542733 0.0260009 0.0223003 0.30007
0 0.445652 0.804825 0.0282556 0.0208588 0.298143
0 0.303075 0.869154 0.138281 0.0538563 0.297037
0 0.560774 0.463705 0.0239776 0.00994434 0.29243
0 0.877879 0.741564 0.0134876 0.0125586 0.291444
0 0.345291 0.712398 0.0239689 0.0142224 0.290029
0 0.539847 0.770052 0.0235097 0.0165516 0.289836
0 0.593774 0.556039 0.02058 0.00896114 0.28633
0 0.038966 0.455721 0.0168378 0.00779763 0.279751
0 0.338733 0.719253 0.0235142 0.00791074 0.274872
0 0.0751191 0.641155 0.0231722 0.0196697 0.255882
