0 0.234282 0.679622 0.102093 0.0497291 0.902194
0 0.499142 0.82173 0.0700113 0.0472796 0.86971
0 0.229552 0.617174 0.0481929 0.0221327 0.860344
0 0.673419 0.62867 0.0471077 0.0226787 0.85874
0 0.758805 0.791832 0.0916815 0.0482004 0.851887
0 0.507557 0.634236 0.0397043 0.0292848 0.845008
0 0.548234 0.713613 0.0423997 0.0196786 0.843277
0 0.107777 0.904483 0.0670371 0.0511896 0.842657
0 0.953795 0.641003 0.0324705 0.0204781 0.841174
0 0.582588 0.817267 0.0750064 0.0629257 0.84004
0 0.145264 0.617777 0.100359 0.0363894 0.839049
0 0.289978 0.761886 0.0563314 0.025927 0.836023
0 0.547913 0.79353 0.038961 0.0305592 0.833235
0 0.345361 0.756858 0.0519233 0.0226111 0.832347
0 0.354003 0.55779 0.0643809 0.0291161 0.828689
0 0.551872 0.649413 0.0262885 0.0164778 0.824501
0 0.677434 0.850354 0.0411021 0.0238373 0.820828
0 0.601253 0.716517 0.0467952 0.0277598 0.82077
0 0.558923 0.618673 0.0388575 0.0189078 0.82039
0 0.929075 0.837424 0.0842403 0.0334307 0.819734
0 0.188281 0.646219 0.0343926 0.0151075 0.817978
0 0.309067 0.85248 0.157173 0.0562027 0.813902
0 0.290707 0.570789 0.0410878 0.0145065 0.806029
0 0.875495 0.636355 0.113654 0.0247654 0.805812
0 0.166281 0.896004 0.0491065 0.0397667 0.800422
0 0.217708 0.893328 0.043576 0.0360294 0.796552
0 0.913308 0.69778 0.0329675 0.0243073 0.79428
0 0.233143 0.731994 0.0633255 0.0246485 0.789173
0 0.886362 0.921677 0.13685 0.0371921 0.788401
0 0.42579 0.736574 0.0294476 0.024642 0.78541
0 0.298472 0.657802 0.0350951 0.0208843 0.780463
0 0.805166 0.700328 0.0365062 0.0192408 0.778282
0 0.39926 0.871604 0.0668176 0.029994 0.771794
0 0.528338 0.552242 0.0277617 0.0126761 0.767075
0 0.252409 0.599974 0.0349149 0.0149792 0.766544
0 0.412963 0.624364 0.0258676 0.0142138 0.764874
0 0.593513 0.691577 0.0427058 0.0207431 0.764782
0 0.78941 0.722258 0.0491633 0.0181694 0.757456
0 0.613859 0.621876 0.0345938 0.0363114 0.756665
0 0.195104 0.778362 0.109893 0.0547222 0.745748
0 0.195796 0.572086 0.0276714 0.0116478 0.74122
0 0.510378 0.727523 0.0366966 0.0221722 0.737898
0 0.913792 0.753293 0.0306206 0.0203087 0.737648
0 0.881931 0.715399 0.0296829 0.0150755 0.736907
0 0.793257 0.668697 0.0558388 0.0226754 0.730115
0 0.660055 0.76413 0.173755 0.039188 0.727738
0 0.838085 0.735357 0.0391411 0.0180199 0.72473
0 0.933547 0.780418 0.0305595 0.0168923 0.721612
0 0.340444 0.616179 0.0193311 0.0118803 0.720367
0 0.30396 0.790072 0.0370239 0.0253518 0.718878
0 0.449022 0.767494 0.0808886 0.0351319 0.717932
0 0.2696 0.89783 0.0306197 0.0244531 0.717505
0 0.0475586 0.873609 0.0932122 0.0271026 0.717051
0 0.779284 0.648745 0.0776322 0.0254537 0.712917
0 0.480818 0.596274 0.0257165 0.0159353 0.709253
0 0.83586 0.762408 0.040554 0.015268 0.708974
0 0.721818 0.826946 0.0267392 0.0157596 0.708125
0 0.393621 0.846595 0.029394 0.018116 0.705766
0 0.531385 0.583652 0.0327863 0.0151831 0.702422
0 0.0538503 0.544156 0.0375313 0.018934 0.699745
0 0.342351 0.730564 0.0466223 0.0205294 0.69821
0 0.368101 0.640848 0.0219982 0.0235842 0.690964
0 0.258937 0.750722 0.0357162 0.0188763 0.68948
0 0.698567 0.803435 0.0215636 0.0178192 0.687737
0 0.971921 0.656506 0.033915 0.0269942 0.684584
0 0.100477 0.670021 0.0792911 0.0478443 0.683379
0 0.485291 0.740354 0.0204292 0.0210047 0.683371
0 0.315108 0.708448 0.0491156 0.0319161 0.680063
0 0.0414661 0.697668 0.076427 0.0728779 0.680058
0 0.0641623 0.620991 0.0302119 0.0251511 0.674491
0 0.0640905 0.597638 0.0419867 0.0274092 0.667381
0 0.276482 0.520786 0.0255595 0.0117194 0.663863
0 0.359991 0.668484 0.0393379 0.0308493 0.651967
0 0.386532 0.595656 0.0425533 0.0200723 0.651811
0 0.747358 0.899023 0.177042 0.0659397 0.651511
0 0.502445 0.698859 0.0385673 0.0232868 0.651266
0 0.239952 0.917648 0.0417382 0.0153561 0.650126
0 0.633523 0.783655 0.0381913 0.0132766 0.647772
0 0.148315 0.477772 0.0399221 0.0172201 0.644014
0 0.43626 0.930092 0.0296165 0.0241455 0.640639
0 0.452328 0.648111 0.0527007 0.0111817 0.639987
0 0.163353 0.693558 0.0526635 0.0168235 0.639187
0 0.0223458 0.736321 0.0430008 0.0224886 0.638478
0 0.107855 0.569439 0.0478403 0.0123344 0.630664
0 0.892276 0.800535 0.0475532 0.0557069 0.628963
0 0.370246 0.909255 0.0372442 0.0418064 0.626626
0 0.972281 0.745959 0.0438504 0.0209505 0.625051
0 0.0504613 0.464516 0.0366219 0.0173295 0.618329
0 0.628449 0.880616 0.059866 0.0364112 0.61352
0 0.113319 0.803799 0.0249175 0.0185444 0.61201
0 0.0969232 0.758211 0.103389 0.0497922 0.604932
0 0.566537 0.764563 0.023804 0.0131553 0.60057
0 0.702738 0.718322 0.12754 0.0799463 0.598806
0 0.168886 0.933649 0.0578715 0.0314529 0.598588
0 0.0742507 0.494743 0.0702757 0.0772045 0.5935
0 0.10957 0.713442 0.0723277 0.0433874 0.5897
0 0.825438 0.777214 0.036838 0.0135664 0.587253
0 0.305357 0.710771 0.0688649 0.0378876 0.580055
0 0.718203 0.845266 0.0222896 0.0154102 0.574559
0 0.791358 0.586267 0.0170316 0.016176 0.569888
0 0.398557 0.567671 0.0268881 0.00917661 0.567507
0 0.439377 0.585049 0.0596023 0.026609 0.566572
0 0.681761 0.608948 0.0181379 0.0115942 0.559224
0 0.857575 0.787383 0.0421958 0.0278877 0.558477
0 0.724204 0.659465 0.014339 0.0174641 0.555739
0 0.409632 0.893578 0.0498595 0.0133232 0.554619
0 0.220375 0.933508 0.0458256 0.0295654 0.554349
0 0.981367 0.715012 0.0299946 0.00995312 0.552543
0 0.0148367 0.575733 0.0271741 0.022493 0.546674
0 0.853986 0.7199 0.0157552 0.0117692 0.536688
0 0.438539 0.685233 0.163007 0.0490962 0.526627
0 0.0247576 0.622556 0.0486224 0.0170891 0.524594
0 0.270502 0.824896 0.0726454 0.0448021 0.521838
0 0.659933 0.68903 0.0282103 0.0103818 0.519888
0 0.876666 0.844901 0.019782 0.0174447 0.519584
0 0.589055 0.935405 0.0656981 0.0226418 0.519284
0 0.137986 0.772327 0.0196222 0.0154238 0.516925
0 0.441706 0.911497 0.032003 0.0181084 0.511805
0 0.334531 0.676622 0.0292126 0.0129003 0.504448
0 0.61927 0.859005 0.022729 0.0135304 0.501256
0 0.435633 0.558316 0.0200514 0.0131996 0.500324
0 0.672662 0.824038 0.0224746 0.0129898 0.496717
0 0.840268 0.564439 0.0286191 0.0102592 0.494685
0 0.687642 0.909111 0.0564987 0.0270636 0.493842
0 0.204824 0.862357 0.0508773 0.0330811 0.493682
0 0.478114 0.567434 0.0289588 0.0153498 0.485609
0 0.461159 0.74229 0.0182844 0.0147828 0.484822
0 0.0879132 0.767657 0.0867966 0.0305517 0.484309
0 0.172836 0.743878 0.0181307 0.00930556 0.48046
0 0.798124 0.927297 0.0445379 0.0238981 0.472106
0 0.0262836 0.648564 0.0500253 0.0237347 0.468686
0 0.548762 0.594432 0.0209661 0.0169809 0.465198
0 0.836617 0.826545 0.0534618 0.0322601 0.463774
0 0.289859 0.914765 0.0185333 0.0118238 0.446657
0 0.976727 0.610899 0.0375813 0.0118102 0.44477
0 0.082347 0.822538 0.127966 0.0779633 0.442562
0 0.29768 0.938878 0.0321911 0.0218121 0.442163
0 0.519421 0.76779 0.0234544 0.0219856 0.433259
0 0.0249539 0.894879 0.0484097 0.0274075 0.433207
0 0.171736 0.72973 0.0189325 0.00826561 0.429849
0 0.595968 0.736003 0.0268269 0.0119318 0.42946
0 0.355459 0.936497 0.0862353 0.0352911 0.424229
0 0.152038 0.540093 0.026401 0.00879019 0.421092
0 0.896973 0.58589 0.0327271 0.00941999 0.41419
0 0.364037 0.782896 0.0168491 0.0105613 0.40355
0 0.274162 0.794783 0.0442152 0.0193648 0.394279
0 0.591844 0.85831 0.030225 0.0191677 0.390199
0 0.429104 0.806537 0.142981 0.0406748 0.377407
0 0.434463 0.821682 0.155096 0.0712051 0.375021
0 0.80123 0.847582 0.110109 0.0750587 0.374373
0 0.557309 0.918701 0.0374541 0.0177825 0.369681
0 0.0289368 0.770814 0.0578736 0.0371709 0.362059
0 0.115088 0.744775 0.0684064 0.0227369 0.359941
0 0.188676 0.847785 0.0802575 0.0661874 0.3597
0 0.796302 0.858871 0.0972501 0.051701 0.355386
0 0.574952 0.555023 0.0216208 0.00840969 0.354271
0 0.087277 0.48795 0.0421396 0.0619997 0.351532
0 0.236533 0.715068 0.0166465 0.0089384 0.348709
0 0.303661 0.535665 0.0135954 0.0114838 0.342904
0 0.574683 0.705148 0.0139555 0.00829486 0.33341
0 0.581944 0.736663 0.0472572 0.0103355 0.330086
0 0.0460902 0.844283 0.0318594 0.0230376 0.326509
0 0.707539 0.883439 0.095314 0.0341092 0.323735
0 0.645029 0.922975 0.0468031 0.0333225 0.317812
0 0.191138 0.504027 0.0233649 0.0137102 0.307416
0 0.63508 0.786337 0.0401121 0.0118122 0.305108
0 0.471463 0.568665 0.0377148 0.015177 0.302322
0 0.0941023 0.585523 0.0209846 0.0105457 0.28487
0 0.410615 0.68241 0.109083 0.0392313 0.283985
0 0.368669 0.712114 0.0204201 0.0143663 0.275699
0 0.82294 0.591745 0.0144181 0.0159502 0.271399
0 0.0973041 0.598701 0.0239209 0.0117453 0.270216
0 0.167247 0.848049 0.0363843 0.0227766 0.265828
0 0.131997 0.839577 0.0403981 0.0393764 0.260305
0 0.924635 0.593501 0.0146769 0.00695819 0.259176
0 0.672327 0.70718 0.0523215 0.0255245 0.258592
0 0.945329 0.665941 0.0151609 0.00904482 0.257337
0 0.381392 0.827873 0.0354987 0.0176239 0.252906
0 0.56781 0.8848 0.1401 0.0718437 0.25256
0 0.203455 0.856163 0.0520486 0.0493217 0.250745
0 0.769486 0.593844 0.0148306 0.00699693 0.250173
