0 0.666591 0.667534 0.0362374 0.0222052 0.928626
0 0.315914 0.769078 0.102851 0.051952 0.927043
0 0.178196 0.880397 0.169955 0.0575367 0.887662
0 0.204254 0.71979 0.0382379 0.0191281 0.881282
0 0.113069 0.640194 0.0592573 0.0193542 0.870601
0 0.853986 0.852639 0.0446367 0.020671 0.8705
0 0.448492 0.845644 0.0957617 0.0437903 0.869954
0 0.629891 0.742553 0.041639 0.021241 0.868456
0 0.822265 0.805221 0.10866 0.0390524 0.86683
0 0.505737 0.62357 0.0850152 0.0351442 0.863286
0 0.0263896 0.581204 0.0510472 0.0247547 0.859426
0 0.94644 0.846169 0.0536981 0.0354946 0.846567
0 0.392142 0.596294 0.0646851 0.0201466 0.843845
0 0.0852916 0.668353 0.0524136 0.0288674 0.843576
0 0.47617 0.694358 0.0621271 0.0232715 0.839304
0 0.634207 0.681305 0.0277497 0.0175771 0.838767
0 0.261807 0.660353 0.0538942 0.0341166 0.837142
0 0.737228 0.867585 0.0543394 0.0229939 0.836555
0 0.747657 0.686932 0.041788 0.0185997 0.831962
0 0.415312 0.699799 0.0513378 0.0223829 0.822474
0 0.260465 0.921242 0.0765735 0.031704 0.819971
0 0.740676 0.799785 0.044968 0.0326662 0.817639
0 0.768314 0.752908 0.0882874 0.0537987 0.815131
0 0.135789 0.666117 0.0488469 0.0239847 0.814511
0 0.134316 0.599084 0.0458359 0.018698 0.813674
0 0.311334 0.682732 0.0567867 0.0275316 0.812812
0 0.884811 0.886801 0.0698424 0.0346596 0.810636
0 0.658153 0.634697 0.028579 0.016939 0.805371
0 0.934245 0.87786 0.0535587 0.02635 0.793204
0 0.105515 0.537051 0.0570274 0.0438452 0.791059
0 0.421209 0.622448 0.0418532 0.0156875 0.790055
0 0.66516 0.732182 0.0336252 0.0204908 0.784382
0 0.178707 0.749859 0.0832869 0.045753 0.782607
0 0.570767 0.70601 0.0366284 0.0235877 0.781465
0 0.44468 0.929928 0.079821 0.0248711 0.775331
0 0.967263 0.661293 0.059973 0.0218516 0.771814
0 0.618609 0.661729 0.0368819 0.0137919 0.770617
0 0.559723 0.739034 0.0776026 0.0503811 0.768618
0 0.918648 0.808391 0.0340881 0.0134102 0.76666
0 0.585661 0.806449 0.0364777 0.0206791 0.762633
0 0.0792454 0.568569 0.0294457 0.016684 0.762578
0 0.613729 0.835376 0.0337977 0.0132597 0.759223
0 0.205173 0.680598 0.034285 0.0133305 0.759116
0 0.457059 0.895084 0.0550925 0.0386772 0.758537
0 0.128058 0.727647 0.0310879 0.0124288 0.7567
0 0.136499 0.843056 0.0462292 0.025557 0.756487
0 0.299167 0.721631 0.0414648 0.0210571 0.756433
0 0.194323 0.638191 0.0559925 0.0221054 0.752141
0 0.0486061 0.843181 0.0655446 0.0758587 0.748587
0 0.353272 0.866637 0.154507 0.094223 0.745954
0 0.529557 0.772056 0.036822 0.0161545 0.74185
0 0.275245 0.744456 0.0257407 0.0147377 0.738258
0 0.254319 0.608998 0.0285599 0.0137567 0.737486
0 0.499605 0.821501 0.0513342 0.0479974 0.7335
0 0.804173 0.686321 0.0493464 0.0193297 0.733346
0 0.0660593 0.711447 0.0550056 0.0214149 0.729659
0 0.838065 0.653949 0.024513 0.0182201 0.729408
0 0.0744169 0.732307 0.0309563 0.0174456 0.726409
0 0.589366 0.634963 0.0361174 0.012583 0.724465
0 0.75177 0.828645 0.0276834 0.0119599 0.723736
0 0.554811 0.62833 0.0292816 0.0116651 0.722543
0 0.479856 0.748244 0.0384003 0.0147434 0.722481
0 0.569252 0.589086 0.0276104 0.0135305 0.714545
0 0.700771 0.787368 0.0533246 0.041702 0.714234
0 0.302226 0.888243 0.0776091 0.0355093 0.712646
0 0.949438 0.617171 0.0304662 0.00901146 0.709541
0 0.744961 0.899204 0.0238997 0.0126035 0.709288
0 0.532324 0.700008 0.0335603 0.0147678 0.707811
0 0.197954 0.514761 0.0311092 0.0144039 0.707768
0 0.237864 0.761615 0.0376234 0.0443701 0.699519
0 0.764449 0.711436 0.0194463 0.013569 0.694518
0 0.811962 0.836209 0.0557348 0.0176876 0.69175
0 0.407691 0.725872 0.110438 0.0413071 0.689047
0 0.554455 0.889428 0.120707 0.0604198 0.685825
0 0.27979 0.859633 0.0318052 0.016251 0.684873
0 0.401429 0.79181 0.114239 0.0326738 0.684119
0 0.0508813 0.764393 0.0671344 0.0484632 0.682682
0 0.610409 0.616252 0.0247744 0.0151448 0.680117
0 0.872271 0.718541 0.100088 0.054874 0.677035
0 0.266819 0.704042 0.0471514 0.0261272 0.676099
0 0.460539 0.591154 0.0241816 0.0106394 0.67503
0 0.874324 0.592003 0.02663 0.0120346 0.670358
0 0.245367 0.794706 0.0273302 0.0226713 0.669113
0 0.0717283 0.69316 0.0228553 0.012601 0.661428
0 0.325113 0.61432 0.0247227 0.00996862 0.660315
0 0.643538 0.856028 0.0251855 0.00812798 0.655717
0 0.316833 0.660894 0.0268296 0.0125976 0.65431
0 0.154358 0.781392 0.162475 0.086284 0.652964
0 0.914148 0.778179 0.06318 0.0305056 0.652511
0 0.241764 0.857304 0.0278374 0.0149223 0.646834
0 0.657629 0.810063 0.0674249 0.0276003 0.641733
0 0.712704 0.889664 0.02676 0.0151676 0.640366
0 0.154563 0.505867 0.0288675 0.0134456 0.634304
0 0.636173 0.781479 0.0784468 0.053743 0.632718
0 0.100882 0.491397 0.0341009 0.0162386 0.627225
0 0.949161 0.771837 0.0214491 0.0125391 0.62475
0 0.474812 0.661802 0.024353 0.0142279 0.619507
0 0.0824663 0.895976 0.0692785 0.0317577 0.618956
0 0.22082 0.838163 0.0282432 0.0142179 0.617857
0 0.580103 0.791816 0.0218994 0.00959256 0.616087
0 0.316721 0.553078 0.0235606 0.0108757 0.615633
0 0.136864 0.567511 0.0224341 0.0110113 0.612607
0 0.506834 0.718405 0.0181983 0.014844 0.61218
0 0.451448 0.602973 0.0281536 0.0104245 0.610293
0 0.102397 0.846357 0.019075 0.0132305 0.606605
0 0.313212 0.593126 0.0178184 0.00895454 0.602619
0 0.658908 0.561787 0.0249518 0.00861816 0.601555
0 0.90494 0.649717 0.0403038 0.0161119 0.601073
0 0.754939 0.65932 0.0197611 0.0112907 0.594625
0 0.24313 0.734434 0.0266474 0.00888464 0.593953
0 0.704209 0.689526 0.0194179 0.0119316 0.583574
0 0.0521339 0.488794 0.0419566 0.00983579 0.571843
0 0.0869283 0.59711 0.0320482 0.0176985 0.569878
0 0.0188269 0.733379 0.0375045 0.022658 0.569877
0 0.63732 0.871191 0.0231793 0.011396 0.566619
0 0.865356 0.763936 0.0239554 0.0235636 0.566113
0 0.289132 0.58488 0.0176876 0.0105783 0.558712
0 0.350752 0.558141 0.0288347 0.0231865 0.541913
0 0.0464316 0.635721 0.052107 0.0411103 0.541646
0 0.886979 0.746862 0.0531188 0.0222357 0.54087
0 0.302265 0.943978 0.0359899 0.0156075 0.522643
0 0.869905 0.832041 0.0575559 0.0175778 0.51915
0 0.440372 0.764518 0.020102 0.0106361 0.515388
0 0.904954 0.646232 0.0406489 0.0227541 0.514325
0 0.499001 0.814911 0.0488534 0.033968 0.514184
0 0.773907 0.886326 0.0312704 0.0200653 0.510376
0 0.171106 0.567949 0.0328094 0.0105146 0.504534
0 0.121302 0.69047 0.0387138 0.0246921 0.497517
0 0.0921069 0.920068 0.0443962 0.0207245 0.491746
0 0.114349 0.799768 0.0924303 0.0313898 0.488189
0 0.732205 0.849751 0.0204753 0.0142791 0.487886
0 0.564095 0.772718 0.0287386 0.0126967 0.48314
0 0.558581 0.814448 0.0184366 0.0100067 0.477117
0 0.950502 0.809121 0.018418 0.0116017 0.473565
0 0.950226 0.728857 0.0232321 0.0191362 0.463499
0 0.726068 0.742571 0.0220443 0.0114513 0.463283
0 0.840867 0.629658 0.0186875 0.0130384 0.460823
0 0.58411 0.861838 0.0280381 0.0223451 0.455812
0 0.126964 0.514354 0.0215605 0.00970314 0.455567
0 0.887926 0.815902 0.0372852 0.0221374 0.443491
0 0.983311 0.721719 0.0274061 0.0157907 0.438282
0 0.142031 0.895469 0.0513358 0.0277786 0.434575
0 0.41604 0.791636 0.0816522 0.0315042 0.431578
0 0.0532485 0.569005 0.0231449 0.0149284 0.424463
0 0.143989 0.540018 0.0170677 0.0114552 0.419566
0 0.771573 0.871695 0.0267881 0.0165668 0.409417
0 0.700911 0.805435 0.0498704 0.0244991 0.40342
0 0.925008 0.921636 0.148553 0.0370076 0.394212
0 0.0572809 0.594316 0.0153245 0.00976544 0.3828
0 0.472302 0.787565 0.0271959 0.0175431 0.372014
0 0.951167 0.725451 0.0211191 0.0168211 0.366258
0 0.351735 0.831795 0.0568849 0.0144729 0.365425
0 0.632375 0.887038 0.0230913 0.017575 0.360429
0 0.585622 0.865011 0.0317608 0.0281872 0.351518
0 0.531268 0.799173 0.0314186 0.0118274 0.349217
0 0.325182 0.735183 0.0216843 0.0123496 0.341296
0 0.920919 0.751984 0.0137666 0.0110052 0.326129
0 0.616092 0.862043 0.0239255 0.0138268 0.324661
0 0.0976084 0.867202 0.0274894 0.0157543 0.323588
0 0.651132 0.910171 0.107286 0.0571623 0.320016
0 0.358458 0.629495 0.020329 0.0101482 0.318626
0 0.608841 0.559262 0.0191055 0.0101979 0.313752
0 0.175775 0.709128 0.0172065 0.00888138 0.311193
0 0.397367 0.659487 0.0184426 0.00766027 0.310823
0 0.982252 0.871497 0.0326718 0.0512664 0.298639
0 0.814675 0.630075 0.0152371 0.00837267 0.294642
0 0.697332 0.735017 0.0136065 0.00946248 0.285745
0 0.1322 0.692694 0.0601261 0.0307144 0.283826
0 0.305831 0.839148 0.0560043 0.039212 0.274515
0 0.0341882 0.71692 0.018959 0.0102667 0.273936
0 0.176923 0.93849 0.0410625 0.0258691 0.263843
0 0.0439901 0.652513 0.0471717 0.0110632 0.257662
0 0.656867 0.464667 0.0280198 0.00995945 0.256477
0 0.441544 0.495711 0.025378 0.0114073 0.254219
0 0.785149 0.610307 0.0115221 0.00699404 0.25402
