0 0.540706 0.56997 0.100906 0.0627351 0.917062
0 0.308913 0.614871 0.0611331 0.0527367 0.907877
0 0.864327 0.914417 0.0943423 0.0320275 0.897951
0 0.393824 0.510977 0.0895564 0.080893 0.885153
0 0.695396 0.693355 0.133584 0.055001 0.881288
0 0.159767 0.665185 0.0765424 0.0752961 0.881113
0 0.27432 0.679421 0.111068 0.0686931 0.877123
0 0.642614 0.525084 0.141804 0.0578745 0.876222
0 0.867904 0.70844 0.0679548 0.0468048 0.87311
0 0.187512 0.487493 0.0829159 0.050663 0.871089
0 0.102705 0.482213 0.075788 0.0313337 0.866459
0 0.464212 0.917336 0.080971 0.0504669 0.861331
0 0.273952 0.578115 0.0483846 0.0225063 0.858639
0 0.755701 0.886098 0.0684379 0.0400049 0.856716
0 0.0438015 0.456541 0.0500545 0.0349701 0.852684
0 0.0889245 0.447345 0.0479148 0.0192257 0.852172
0 0.808907 0.561718 0.0540519 0.0256302 0.843268
0 0.542506 0.832015 0.0797305 0.0196213 0.836744
0 0.549666 0.787593 0.0637338 0.0303386 0.835448
0 0.496935 0.78658 0.0446965 0.0316427 0.834867
0 0.757483 0.561768 0.0539446 0.0385182 0.821756
0 0.93006 0.602525 0.0705098 0.0556888 0.821585
0 0.264565 0.521138 0.0310874 0.0193507 0.820473
0 0.714493 0.749119 0.057737 0.034132 0.809459
0 0.531384 0.7427 0.0866226 0.0523992 0.80382
0 0.653807 0.61171 0.0344412 0.017375 0.803493
0 0.432899 0.857287 0.0636878 0.0281487 0.799693
0 0.378609 0.921631 0.0770843 0.0393025 0.798329
0 0.100627 0.636736 0.0632871 0.0303206 0.796627
0 0.761433 0.797282 0.165833 0.0684271 0.796146
0 0.659671 0.802163 0.0512792 0.0481651 0.793919
0 0.323339 0.888143 0.172609 0.0596273 0.793779
0 0.809224 0.678048 0.0498762 0.0225552 0.791852
0 0.292035 0.402632 0.0329746 0.0158776 0.781135
0 0.515044 0.861306 0.0503704 0.0268158 0.779715
0 0.450514 0.733176 0.102757 0.0565542 0.778685
0 0.372495 0.47524 0.0459197 0.016704 0.77803
0 0.0465126 0.496703 0.0333962 0.0311052 0.775915
0 0.480278 0.499129 0.0484119 0.0240322 0.775132
0 0.952608 0.651018 0.0585091 0.0307671 0.774004
0 0.757907 0.914854 0.0807193 0.0339476 0.772859
0 0.324271 0.565039 0.0541608 0.0508528 0.772544
0 0.622911 0.676883 0.051624 0.0556331 0.772337
0 0.343427 0.515477 0.0329061 0.0191958 0.772257
0 0.914463 0.675602 0.0356667 0.0241184 0.772221
0 0.873361 0.952282 0.103115 0.0417697 0.769663
0 0.960334 0.554741 0.044902 0.0201651 0.757341
0 0.618009 0.582807 0.0363526 0.0324309 0.75676
0 0.538236 0.624138 0.108351 0.0789167 0.755607
0 0.880457 0.663815 0.0437961 0.0267107 0.755553
0 0.757563 0.843812 0.0270839 0.0222151 0.751708
0 0.728587 0.6665 0.0342313 0.0288958 0.745248
0 0.954878 0.877389 0.0541746 0.0271984 0.744522
0 0.351106 0.843157 0.0471678 0.0343006 0.742319
0 0.471679 0.880823 0.0364579 0.0206001 0.735959
0 0.160749 0.929068 0.0715684 0.0619482 0.735574
0 0.458412 0.799702 0.0672372 0.0355178 0.729642
0 0.352 0.491933 0.0389008 0.0126631 0.728943
0 0.372968 0.600812 0.0279947 0.0141601 0.728507
0 0.374167 0.56204 0.0564235 0.0182587 0.728182
0 0.275457 0.814525 0.0437628 0.0452874 0.727715
0 0.305775 0.749267 0.0325314 0.0246002 0.727305
0 0.879843 0.627479 0.0734805 0.0524315 0.722602
0 0.113804 0.389584 0.0472792 0.036538 0.720095
0 0.581927 0.867056 0.0691162 0.0518381 0.719065
0 0.529699 0.44217 0.0527571 0.0288983 0.718406
0 0.0885611 0.417913 0.0465375 0.0208512 0.718245
0 0.399422 0.820776 0.062599 0.0389014 0.716465
0 0.0831713 0.918238 0.0796487 0.0413704 0.715232
0 0.805202 0.862601 0.0529638 0.0270707 0.7108
0 0.319568 0.717495 0.0888311 0.0360456 0.707625
0 0.399908 0.705779 0.0620827 0.0340523 0.704233
0 0.685001 0.911233 0.0688762 0.0660969 0.704055
0 0.278214 0.846847 0.0264235 0.0192707 0.699939
0 0.116242 0.609891 0.0322066 0.0107063 0.699681
0 0.699785 0.825634 0.0464692 0.0355267 0.699599
0 0.234346 0.922303 0.0458743 0.0298412 0.698865
0 0.356769 0.753771 0.0744201 0.0336825 0.696332
0 0.450269 0.545748 0.0329023 0.0260889 0.69521
0 0.586767 0.919312 0.124198 0.0766686 0.693582
0 0.475929 0.654489 0.0592091 0.0287868 0.689616
0 0.474694 0.526304 0.0438031 0.0182262 0.685003
0 0.175981 0.529743 0.0293364 0.017467 0.684641
0 0.432327 0.77135 0.037083 0.0211498 0.684601
0 0.0761991 0.35817 0.0285203 0.0168715 0.679384
0 0.47877 0.83621 0.0467729 0.037046 0.678354
0 0.244078 0.533175 0.0260343 0.0110129 0.677537
0 0.243124 0.401399 0.0405554 0.0160866 0.675892
0 0.709833 0.583764 0.0606565 0.0263397 0.675077
0 0.963906 0.756581 0.0693817 0.0486095 0.670793
0 0.415134 0.592854 0.0467835 0.0318519 0.670393
0 0.148284 0.419544 0.0264161 0.0183834 0.668528
0 0.0972117 0.552325 0.0572895 0.0451926 0.667944
0 0.485885 0.691229 0.0251877 0.0127746 0.665288
0 0.867211 0.563082 0.0409608 0.0210556 0.665152
0 0.200552 0.408559 0.0650086 0.038547 0.660302
0 0.395146 0.797101 0.0349214 0.0113062 0.659837
0 0.546665 0.493739 0.0282612 0.0132786 0.653414
0 0.453009 0.610819 0.0630428 0.0493505 0.648481
0 0.77054 0.738901 0.0397344 0.0191656 0.642428
0 0.070446 0.738105 0.0732608 0.0520043 0.642197
0 0.426693 0.950663 0.0565396 0.025087 0.641548
0 0.26414 0.86454 0.0329248 0.0173409 0.639809
0 0.39182 0.775394 0.0331045 0.0240459 0.63807
0 0.226533 0.623429 0.10128 0.0353865 0.637377
0 0.265577 0.742779 0.0425106 0.0160143 0.636135
0 0.188217 0.891203 0.0720651 0.0398064 0.628799
0 0.773431 0.691882 0.0433729 0.0209762 0.622732
0 0.353384 0.448704 0.0270687 0.0329037 0.622432
0 0.913461 0.729958 0.0853553 0.050903 0.620028
0 0.95552 0.906028 0.0790715 0.0312165 0.619912
0 0.422243 0.410018 0.0498188 0.0249894 0.619482
0 0.918396 0.825863 0.0422092 0.0382811 0.617358
0 0.732213 0.636716 0.0738979 0.0207205 0.614367
0 0.410264 0.617311 0.0430187 0.0177618 0.610565
0 0.723774 0.848894 0.0242389 0.0132408 0.609924
0 0.333777 0.471089 0.0229961 0.0131349 0.607961
0 0.332874 0.38317 0.0346441 0.0185164 0.60505
0 0.45487 0.573683 0.0285438 0.0134452 0.603081
0 0.269858 0.772453 0.0425085 0.0383825 0.60028
0 0.298161 0.934641 0.0291372 0.0155643 0.599098
0 0.141553 0.71866 0.0560815 0.0506746 0.597874
0 0.159347 0.851339 0.074976 0.038028 0.593145
0 0.634761 0.841276 0.100023 0.0970466 0.592156
0 0.948251 0.530685 0.0446613 0.0305019 0.591134
0 0.512752 0.930782 0.0435566 0.0233632 0.589981
0 0.893899 0.888405 0.0303204 0.017493 0.587145
0 0.534569 0.81008 0.0328329 0.0178101 0.58094
0 0.162135 0.445226 0.0410957 0.0323307 0.580837
0 0.979242 0.428706 0.0251912 0.0138582 0.571078
0 0.174495 0.574282 0.118938 0.0572134 0.563442
0 0.415527 0.586128 0.0474198 0.0448284 0.561286
0 0.234959 0.959 0.0622655 0.0340016 0.560465
0 0.222132 0.863871 0.0378025 0.0189441 0.557127
0 0.242322 0.72388 0.0798296 0.02073 0.55223
0 0.0669604 0.845903 0.106826 0.0597218 0.548451
0 0.852933 0.516005 0.0697928 0.0388174 0.545837
0 0.657781 0.583065 0.0456981 0.0153704 0.543368
0 0.534999 0.675346 0.0787279 0.043735 0.540015
0 0.804369 0.744041 0.0273452 0.0253275 0.538874
0 0.192203 0.806188 0.0322728 0.0247813 0.528835
0 0.578676 0.730611 0.124012 0.0708308 0.521389
0 0.683905 0.460238 0.0274474 0.012531 0.519811
0 0.882728 0.579846 0.0463686 0.018251 0.51857
0 0.611976 0.754121 0.0733389 0.038447 0.515854
0 0.327664 0.796615 0.0811921 0.0484867 0.515574
0 0.365205 0.78541 0.0211338 0.0165016 0.515477
0 0.861201 0.487345 0.036886 0.0281071 0.503627
0 0.0602759 0.598046 0.0709294 0.0463028 0.500653
0 0.188196 0.515877 0.0189463 0.0105644 0.496315
0 0.474556 0.943836 0.0199164 0.0136526 0.493958
0 0.0387022 0.556433 0.0474217 0.0366018 0.474223
0 0.576287 0.717469 0.116039 0.0426319 0.473516
0 0.855198 0.745732 0.04196 0.04673 0.465651
0 0.775313 0.648073 0.0658245 0.0586184 0.464657
0 0.270954 0.939929 0.0230974 0.0151092 0.463473
0 0.362672 0.648994 0.0748451 0.0800504 0.4609
0 0.381156 0.718494 0.0263527 0.00971069 0.459416
0 0.185083 0.611584 0.0329332 0.0137814 0.457291
0 0.51684 0.666287 0.0427754 0.0246168 0.456181
0 0.645405 0.491114 0.0223667 0.0144381 0.453694
0 0.381506 0.45143 0.0288187 0.019681 0.452466
0 0.225727 0.547645 0.0272365 0.0168938 0.451015
0 0.224434 0.658681 0.0426076 0.0269143 0.448609
0 0.106231 0.756534 0.0251066 0.0124054 0.439346
0 0.88854 0.861204 0.068006 0.0328842 0.427704
0 0.677707 0.642346 0.0238996 0.0197234 0.426895
0 0.271363 0.455307 0.097022 0.0476376 0.422577
0 0.614401 0.90854 0.0520986 0.027734 0.420475
0 0.130161 0.890823 0.0216887 0.0156384 0.418761
0 0.980781 0.614995 0.0342208 0.0386942 0.4151
0 0.0439399 0.427529 0.0264787 0.0150712 0.407549
0 0.21308 0.861974 0.0216608 0.016732 0.406928
0 0.256048 0.443523 0.0669675 0.0261945 0.406713
0 0.851026 0.504544 0.0725828 0.0596699 0.399896
0 0.243917 0.759683 0.0303578 0.0174751 0.399203
0 0.191478 0.768547 0.0877114 0.0437571 0.398978
0 0.937449 0.526824 0.066152 0.0398509 0.39788
0 0.0687071 0.811547 0.0307569 0.0234878 0.387213
0 0.0462296 0.598269 0.0425825 0.0435095 0.386905
0 0.176976 0.43979 0.0221241 0.0226688 0.382562
0 0.776133 0.827974 0.0153876 0.0102135 0.37545
0 0.0179083 0.748306 0.0353117 0.0230766 0.373011
0 0.0188478 0.362807 0.0334761 0.0176619 0.372507
0 0.228766 0.825174 0.0540616 0.0488487 0.371286
0 0.258299 0.608262 0.0203087 0.00784853 0.368016
0 0.201721 0.704262 0.0334224 0.0185753 0.367171
0 0.412088 0.648225 0.177581 0.0817716 0.36632
0 0.130868 0.806021 0.118585 0.075823 0.365402
0 0.611688 0.809743 0.0640134 0.0381715 0.355564
0 0.0809541 0.603654 0.0293223 0.0151672 0.353051
0 0.919382 0.700988 0.0323067 0.020034 0.346267
0 0.771572 0.600998 0.0767787 0.0380532 0.34622
0 0.113654 0.596439 0.0310239 0.0100021 0.345876
0 0.871826 0.80957 0.111888 0.0842535 0.345501
0 0.913579 0.539809 0.0166192 0.0121895 0.342046
0 0.28666 0.497949 0.0477023 0.0186797 0.337504
0 0.343032 0.82734 0.0223155 0.0117127 0.335541
0 0.0102925 0.44681 0.0204505 0.0147097 0.329728
0 0.166278 0.377988 0.0203549 0.00953075 0.329515
0 0.440569 0.830342 0.0161192 0.0160156 0.32818
0 0.75372 0.734284 0.0161196 0.00779048 0.32494
0 0.142657 0.726632 0.053843 0.0371047 0.320489
0 0.351426 0.953352 0.0445612 0.0185105 0.320417
0 0.0564529 0.681292 0.056506 0.0473562 0.319867
0 0.838274 0.879751 0.0543298 0.0321167 0.319213
0 0.988899 0.678002 0.0222014 0.0142929 0.315978
0 0.188401 0.737305 0.0893424 0.029871 0.313901
0 0.640207 0.858499 0.0914845 0.0617681 0.312171
0 0.570232 0.471375 0.0182866 0.0142192 0.307648
0 0.113222 0.5904 0.0339652 0.0208366 0.305312
0 0.555546 0.682063 0.0388774 0.0202547 0.301153
0 0.157764 0.883199 0.0272678 0.0217815 0.299616
0 0.0903289 0.827574 0.0459222 0.0209282 0.293254
0 0.2267 0.620638 0.0728991 0.0257057 0.284842
0 0.76392 0.740311 0.0391296 0.0158929 0.283036
0 0.675461 0.890235 0.0372885 0.025584 0.277977
0 0.681392 0.965581 0.0334211 0.0101901 0.275408
0 0.0780448 0.753261 0.0353206 0.0246828 0.274211
0 0.317721 0.560538 0.0445943 0.0417906 0.272195
0 0.759906 0.612592 0.0507622 0.01707 0.269474
0 0.298534 0.519126 0.0136345 0.0091343 0.264495
0 0.788473 0.607278 0.109788 0.0488109 0.264288
0 0.259108 0.453943 0.0715471 0.0455707 0.264044
0 0.143138 0.59978 0.0250672 0.015 0.261898
0 0.0423911 0.602332 0.0416122 0.0376413 0.260395
0 0.317284 0.427866 0.0182742 0.0112642 0.258476
0 0.884928 0.869664 0.0798813 0.0487061 0.254982
0 0.794983 0.636171 0.104968 0.0838142 0.253762
0 0.490212 0.427713 0.0150979 0.00953713 0.253708
0 0.926058 0.698218 0.0211274 0.0171398 0.251177
