0 0.60221 0.679117 0.0887328 0.0478621 0.888053
0 0.29504 0.857921 0.102896 0.0379799 0.876681
0 0.875211 0.677464 0.0988024 0.0452117 0.870328
0 0.465456 0.838608 0.121035 0.0290978 0.869744
0 0.925726 0.618763 0.0673213 0.0274727 0.859833
0 0.728761 0.816467 0.0516998 0.0301077 0.857123
0 0.376561 0.501057 0.1133 0.0412499 0.854094
0 0.454716 0.603224 0.0836943 0.0260623 0.849361
0 0.671777 0.901762 0.0814324 0.0372072 0.84803
0 0.533975 0.942923 0.0448068 0.03115 0.845708
0 0.44802 0.44117 0.0538343 0.0336176 0.84202
0 0.205061 0.55565 0.0550985 0.0278641 0.840918
0 0.375369 0.594412 0.0348922 0.0225801 0.835254
0 0.667638 0.739946 0.12792 0.0411895 0.833698
0 0.196715 0.638936 0.0855171 0.0281731 0.827643
0 0.265817 0.915307 0.0753801 0.028713 0.82386
0 0.457001 0.670717 0.0597646 0.0437585 0.822915
0 0.905345 0.586132 0.0412946 0.0325886 0.821073
0 0.342714 0.57972 0.0349409 0.0227932 0.82067
0 0.601243 0.498827 0.0574525 0.0215362 0.820562
0 0.260381 0.590394 0.105387 0.0420275 0.818862
0 0.615088 0.562412 0.0503094 0.0236413 0.809057
0 0.489988 0.817732 0.0299699 0.0119431 0.804137
0 0.804832 0.570953 0.0452323 0.0464761 0.800725
0 0.0695701 0.603895 0.069056 0.0566582 0.794685
0 0.791988 0.807175 0.0752134 0.0208985 0.79459
0 0.260634 0.564026 0.0333618 0.0173683 0.792731
0 0.706064 0.705649 0.122696 0.0777538 0.792197
0 0.0392951 0.543481 0.0437646 0.021669 0.791227
0 0.295659 0.712908 0.0415892 0.0464223 0.787317
0 0.921381 0.805305 0.125064 0.0506193 0.786532
0 0.328633 0.896618 0.0415995 0.0280945 0.786262
0 0.333816 0.439398 0.0302008 0.0163227 0.784151
0 0.657498 0.942879 0.0491509 0.0250557 0.783899
0 0.115901 0.470007 0.0378456 0.0214683 0.779652
0 0.650448 0.718539 0.0486293 0.0230419 0.778509
0 0.209877 0.497216 0.0504299 0.024826 0.77791
0 0.239985 0.509191 0.0593906 0.0299755 0.776741
0 0.616783 0.833716 0.0558046 0.0216369 0.775501
0 0.619367 0.525921 0.0363211 0.0126343 0.775082
0 0.361172 0.541605 0.0385669 0.0151395 0.771976
0 0.384777 0.690435 0.0887403 0.0596102 0.768685
0 0.251203 0.884261 0.11018 0.0373783 0.767732
0 0.338682 0.750197 0.0915943 0.0570103 0.765431
0 0.387801 0.872677 0.0767813 0.0383032 0.762528
0 0.514851 0.859373 0.0482803 0.0258409 0.762474
0 0.848447 0.743964 0.0470427 0.0328896 0.761423
0 0.0724309 0.640876 0.0862136 0.0220846 0.759146
0 0.421614 0.559303 0.0686282 0.0337352 0.755478
0 0.40291 0.81191 0.0373142 0.0177273 0.754987
0 0.163918 0.589214 0.116549 0.0374084 0.752302
0 0.160538 0.43924 0.0275795 0.0168477 0.752274
0 0.936429 0.564626 0.0498181 0.0313591 0.750465
0 0.882354 0.754386 0.0432231 0.0276695 0.749889
0 0.121092 0.447013 0.0461391 0.0234338 0.749608
0 0.452385 0.702195 0.0623714 0.0221645 0.749064
0 0.52613 0.68611 0.0558606 0.0508034 0.74795
0 0.448646 0.528233 0.0299006 0.0271644 0.747889
0 0.796805 0.908878 0.0697158 0.0375629 0.745436
0 0.477228 0.546316 0.0457246 0.0349124 0.744652
0 0.761192 0.613492 0.0443746 0.0173349 0.740515
0 0.57003 0.85272 0.048205 0.0204624 0.738068
0 0.397452 0.625449 0.0373733 0.024082 0.736905
0 0.920492 0.936208 0.0712339 0.0461785 0.730155
0 0.298301 0.523636 0.0419386 0.0360777 0.726935
0 0.348396 0.712491 0.0316362 0.0197745 0.722533
0 0.508323 0.743816 0.127583 0.0453297 0.721949
0 0.354376 0.915348 0.0393287 0.0167584 0.719661
0 0.553109 0.871976 0.0345504 0.0209693 0.716191
0 0.743832 0.494783 0.0356132 0.0115087 0.710216
0 0.623928 0.888573 0.0429273 0.0172265 0.708704
0 0.853491 0.804061 0.0268792 0.0143084 0.707125
0 0.2749 0.434625 0.0468362 0.0276478 0.706588
0 0.136342 0.773514 0.0442506 0.0295452 0.706279
0 0.413624 0.753515 0.0702889 0.0372863 0.705736
0 0.5061 0.719576 0.0402634 0.0232142 0.700874
0 0.295507 0.491576 0.0307835 0.0117329 0.700342
0 0.558883 0.525598 0.0707443 0.0378187 0.699849
0 0.670735 0.591687 0.0585404 0.0156627 0.696172
0 0.537885 0.902479 0.0415219 0.023402 0.695144
0 0.506014 0.568081 0.066493 0.0528694 0.694746
0 0.531265 0.774334 0.0615907 0.0295187 0.694557
0 0.760684 0.785903 0.0933293 0.0292209 0.690211
0 0.299432 0.460651 0.0503296 0.0143339 0.687301
0 0.241986 0.62931 0.0258504 0.011623 0.68094
0 0.179055 0.766066 0.0309238 0.0125738 0.679811
0 0.843231 0.946621 0.0475001 0.0253162 0.679548
0 0.117692 0.535228 0.0778799 0.0661759 0.675185
0 0.145261 0.745826 0.0468021 0.023021 0.669068
0 0.135635 0.51591 0.0421648 0.0138439 0.657821
0 0.413622 0.920309 0.0861826 0.0407539 0.652838
0 0.575904 0.72974 0.0320287 0.017286 0.650689
0 0.271633 0.75933 0.0317151 0.0287193 0.6493
0 0.905847 0.781475 0.0172337 0.0138475 0.645435
0 0.968001 0.59083 0.030765 0.027191 0.64025
0 0.471806 0.797129 0.0424722 0.0253777 0.638429
0 0.42627 0.471114 0.0472981 0.0211476 0.629808
0 0.922089 0.865718 0.141731 0.0593929 0.625428
0 0.439499 0.870267 0.0237928 0.0101696 0.62167
0 0.403792 0.644928 0.0243487 0.0111036 0.621634
0 0.422465 0.726952 0.0269213 0.010272 0.620832
0 0.0791728 0.753954 0.0673069 0.0308449 0.620405
0 0.322023 0.602126 0.0186905 0.0167952 0.619858
0 0.0322074 0.78856 0.0605955 0.0331123 0.619334
0 0.107962 0.622518 0.0273291 0.0140591 0.613871
0 0.771706 0.956184 0.0733582 0.02225 0.613543
0 0.483106 0.567852 0.111594 0.0527251 0.610544
0 0.618507 0.861858 0.0518315 0.0216816 0.609972
0 0.840074 0.626387 0.0947525 0.0648409 0.607161
0 0.565804 0.628773 0.0932122 0.0554358 0.606858
0 0.178322 0.87017 0.0694159 0.0408917 0.604126
0 0.599273 0.718961 0.0325389 0.00934579 0.601619
0 0.810635 0.858559 0.0665069 0.0383194 0.598827
0 0.247268 0.695338 0.0628009 0.0935526 0.594722
0 0.141453 0.6213 0.0239229 0.00817582 0.588608
0 0.865128 0.521054 0.0258387 0.00988788 0.587044
0 0.659952 0.769243 0.0321043 0.0107452 0.584524
0 0.086215 0.383888 0.0325104 0.0138504 0.576369
0 0.91897 0.767006 0.0151287 0.0124369 0.575956
0 0.471666 0.872561 0.0160316 0.0112244 0.574407
0 0.469763 0.636908 0.0248282 0.017798 0.56978
0 0.0255223 0.466442 0.0505948 0.039142 0.568795
0 0.190001 0.609252 0.0359487 0.0182114 0.554599
0 0.377849 0.785889 0.0537322 0.0281444 0.553852
0 0.0723241 0.476379 0.0427378 0.0390573 0.553845
0 0.0766473 0.710865 0.0729166 0.0576824 0.553351
0 0.309411 0.563438 0.0224442 0.0100992 0.552868
0 0.841324 0.70157 0.147717 0.0844132 0.550579
0 0.690854 0.559932 0.1048 0.0484938 0.549142
0 0.25367 0.457955 0.0245443 0.0143312 0.547451
0 0.867727 0.782084 0.0205135 0.0177509 0.54719
0 0.0748073 0.541626 0.0185735 0.00732806 0.547089
0 0.602259 0.791598 0.0894859 0.0670323 0.546741
0 0.601441 0.913983 0.0422919 0.0410153 0.539164
0 0.898586 0.910502 0.115963 0.0424786 0.534963
0 0.331226 0.555906 0.0261387 0.0179093 0.529486
0 0.706073 0.666107 0.050689 0.033921 0.526985
0 0.359929 0.413416 0.0313769 0.0131945 0.523563
0 0.197758 0.477613 0.0239215 0.013953 0.519221
0 0.372099 0.943352 0.0635331 0.0361042 0.512202
0 0.0286513 0.714665 0.0296497 0.014167 0.512062
0 0.225729 0.431046 0.0597427 0.0338196 0.509731
0 0.55204 0.828101 0.0239484 0.021733 0.509527
0 0.73112 0.912845 0.115725 0.0717068 0.50923
0 0.503637 0.642927 0.0400473 0.0244091 0.506492
0 0.438215 0.88876 0.0392512 0.0203834 0.505952
0 0.0761823 0.678949 0.0488241 0.0380848 0.505114
0 0.0819282 0.506092 0.0231369 0.0197475 0.503709
0 0.537349 0.806295 0.0403467 0.0203056 0.502811
0 0.0232647 0.743693 0.046286 0.0342469 0.500226
0 0.867228 0.642514 0.0393346 0.0314409 0.494641
0 0.543153 0.817826 0.0393098 0.0430913 0.489274
0 0.836324 0.55422 0.0263986 0.0126125 0.480115
0 0.031423 0.500442 0.0322073 0.0143524 0.47842
0 0.951217 0.839238 0.031295 0.0110107 0.477381
0 0.567585 0.945481 0.0233199 0.0149487 0.47689
0 0.615581 0.612294 0.047784 0.0303673 0.474146
0 0.750691 0.578996 0.0504362 0.0107469 0.46979
0 0.716697 0.631428 0.0257859 0.0197182 0.469181
0 0.489692 0.905848 0.0652049 0.0532784 0.467881
0 0.074561 0.569442 0.0175869 0.0108416 0.462591
0 0.836069 0.818731 0.0318147 0.0223095 0.462224
0 0.443412 0.957297 0.0276183 0.0319695 0.455336
0 0.590932 0.895069 0.0285089 0.0136437 0.453811
0 0.797458 0.850895 0.0400298 0.0237835 0.449569
0 0.585817 0.627291 0.133277 0.0584412 0.449205
0 0.537586 0.811555 0.0417267 0.0326985 0.446024
0 0.401336 0.828534 0.0153025 0.0111987 0.436617
0 0.662902 0.802128 0.0549764 0.0242353 0.435235
0 0.873464 0.71176 0.0805737 0.0424711 0.429246
0 0.289588 0.809399 0.128571 0.0677148 0.428906
0 0.574435 0.559548 0.0138631 0.0163332 0.425455
0 0.823196 0.785781 0.0184408 0.0103954 0.419359
0 0.223449 0.944529 0.025279 0.0176758 0.419271
0 0.0306234 0.826174 0.0419238 0.0244168 0.417492
0 0.633086 0.637642 0.0525047 0.0339091 0.41572
0 0.45393 0.785076 0.0746262 0.0433272 0.415013
0 0.263969 0.537521 0.0158344 0.0124804 0.413917
0 0.966278 0.727079 0.065062 0.0565802 0.413306
0 0.847786 0.852136 0.0360177 0.0258332 0.412831
0 0.504159 0.622791 0.0249406 0.00955734 0.409002
0 0.357676 0.852642 0.0200556 0.0101575 0.407725
0 0.840408 0.533294 0.0151462 0.0106058 0.405628
0 0.985146 0.557814 0.0297077 0.0214621 0.393575
0 0.129237 0.859797 0.156519 0.139073 0.39341
0 0.748176 0.555443 0.0213601 0.0119627 0.391037
0 0.594816 0.4559 0.0303331 0.0171633 0.38942
0 0.304577 0.511735 0.0301111 0.0121752 0.389122
0 0.754124 0.62788 0.0255443 0.00995614 0.389096
0 0.173675 0.465257 0.0192158 0.00930542 0.386574
0 0.79177 0.628744 0.0117475 0.0128076 0.383092
0 0.0622783 0.441878 0.0652355 0.0313946 0.36901
0 0.498078 0.675098 0.028488 0.0170594 0.366135
0 0.509206 0.408192 0.0203764 0.0110881 0.366108
0 0.834852 0.834307 0.0216303 0.00945819 0.361178
0 0.605917 0.546206 0.0280557 0.00876293 0.360416
0 0.603432 0.813485 0.0873502 0.0264263 0.358464
0 0.746681 0.759513 0.0292513 0.0263889 0.355665
0 0.691688 0.470421 0.0184668 0.021381 0.346555
0 0.477522 0.908841 0.0395815 0.0467395 0.34271
0 0.787967 0.64865 0.0168333 0.0106279 0.3382
0 0.660227 0.580911 0.0415405 0.0118001 0.33725
0 0.602729 0.925387 0.0305803 0.01767 0.337188
0 0.270824 0.942894 0.015486 0.014698 0.336454
0 0.194456 0.432902 0.0190896 0.00951443 0.334994
0 0.321151 0.930156 0.0291734 0.0106717 0.334579
0 0.757627 0.578309 0.035645 0.00891073 0.331632
0 0.35839 0.678079 0.143754 0.0838717 0.331155
0 0.645141 0.785251 0.0224526 0.0127592 0.322808
0 0.22655 0.765591 0.0629522 0.0521269 0.32149
0 0.224875 0.840242 0.0679031 0.0468079 0.318973
0 0.44108 0.788323 0.0480434 0.032454 0.315161
0 0.466877 0.795077 0.0538534 0.028414 0.312822
0 0.689508 0.5669 0.0978668 0.0323738 0.311531
0 0.692888 0.61554 0.0164667 0.00939675 0.310776
0 0.971439 0.620385 0.0201781 0.00976409 0.310267
0 0.221581 0.805828 0.0254679 0.0195449 0.30479
0 0.332512 0.643145 0.0989037 0.0417235 0.301935
0 0.503039 0.885968 0.0400204 0.0248695 0.297038
0 0.0874614 0.933336 0.053776 0.0202641 0.292798
0 0.362163 0.809562 0.0443626 0.0245597 0.291691
0 0.299737 0.663354 0.0482214 0.0331289 0.285802
0 0.329954 0.795349 0.0415453 0.0270888 0.278693
0 0.597354 0.779902 0.0792478 0.0437599 0.278203
0 0.834369 0.872333 0.0214539 0.0131157 0.27818
0 0.608351 0.778527 0.0581995 0.039927 0.273023
0 0.896662 0.504001 0.0155717 0.0131064 0.266301
0 0.395589 0.934714 0.114678 0.0550513 0.265297
0 0.0611178 0.432165 0.0670346 0.0525426 0.265077
0 0.189249 0.75033 0.0315699 0.0187569 0.261819
0 0.173306 0.723046 0.150133 0.117009 0.259705
0 0.491323 0.945606 0.0284166 0.0187378 0.257705
0 0.824469 0.612097 0.0654357 0.0322144 0.253576
0 0.815795 0.70312 0.0950144 0.0819578 0.251932
0 0.514016 0.792585 0.020588 0.00729167 0.25148
