0 0.279801 0.653821 0.101418 0.0591045 0.893795
0 0.639472 0.868581 0.0674286 0.0576115 0.881236
0 0.586146 0.509254 0.123752 0.0633428 0.874795
0 0.267865 0.869316 0.16587 0.0607826 0.860923
0 0.652367 0.735515 0.0479978 0.0267905 0.859365
0 0.344572 0.480798 0.106338 0.0644836 0.85328
0 0.827587 0.674755 0.0924856 0.0442719 0.844272
0 0.404589 0.865445 0.0342391 0.0209252 0.841422
0 0.133387 0.574636 0.132765 0.0555509 0.840918
0 0.325414 0.436057 0.0524303 0.0308237 0.838679
0 0.895221 0.712684 0.125392 0.0589615 0.837893
0 0.0700557 0.694159 0.0543857 0.0198797 0.833618
0 0.425603 0.533833 0.054044 0.0351041 0.832514
0 0.0946584 0.397569 0.0683351 0.0261816 0.830979
0 0.724144 0.681538 0.0388744 0.0162238 0.826051
0 0.713413 0.860898 0.0829862 0.0716358 0.825571
0 0.443951 0.777631 0.0411771 0.0345959 0.825362
0 0.440167 0.495709 0.0468799 0.0281741 0.814894
0 0.710784 0.521719 0.0555842 0.04174 0.811243
0 0.930434 0.532419 0.0372351 0.0202612 0.811215
0 0.109383 0.939844 0.0891816 0.0412682 0.810484
0 0.484877 0.421025 0.043784 0.0336979 0.810171
0 0.407198 0.902209 0.069728 0.0427181 0.807727
0 0.332408 0.546862 0.0587825 0.026449 0.803925
0 0.753589 0.523995 0.0401621 0.0314252 0.802346
0 0.546394 0.815336 0.157931 0.103103 0.802298
0 0.252618 0.586973 0.102511 0.0621628 0.79899
0 0.340827 0.913249 0.0550665 0.0289722 0.797296
0 0.129036 0.643415 0.0591418 0.0567556 0.796285
0 0.078451 0.669603 0.0343635 0.0209829 0.795883
0 0.381914 0.552371 0.0450403 0.0421457 0.791274
0 0.166738 0.824355 0.0379477 0.0202192 0.790894
0 0.901039 0.851032 0.0502958 0.0284031 0.789574
0 0.736326 0.655082 0.076249 0.020944 0.784948
0 0.574006 0.560005 0.0274714 0.0239875 0.784557
0 0.964967 0.752009 0.0339878 0.0302199 0.784107
0 0.138798 0.519335 0.0418773 0.0189748 0.78101
0 0.334873 0.765355 0.0337203 0.024274 0.779371
0 0.890486 0.926775 0.0507923 0.0310062 0.779116
0 0.340258 0.518408 0.0423253 0.0276893 0.778639
0 0.456398 0.653693 0.0535877 0.0223046 0.775283
0 0.149281 0.415002 0.0525723 0.0292221 0.774427
0 0.94716 0.869758 0.0486736 0.0354988 0.774021
0 0.89476 0.892943 0.0858634 0.0380577 0.771911
0 0.270652 0.487546 0.033929 0.018989 0.770246
0 0.0630778 0.731678 0.0508497 0.024166 0.765971
0 0.425922 0.564947 0.0279876 0.0134302 0.765541
0 0.830782 0.600751 0.0554856 0.0262978 0.765177
0 0.137568 0.779747 0.0629897 0.0258006 0.761993
0 0.391374 0.930687 0.0410684 0.0253128 0.761745
0 0.639828 0.597492 0.15049 0.0412363 0.761676
0 0.552868 0.885106 0.0713406 0.0306228 0.757625
0 0.0950479 0.471195 0.0571346 0.0377676 0.756553
0 0.33714 0.794146 0.0258045 0.0174872 0.753936
0 0.485403 0.817416 0.0712745 0.0216696 0.751655
0 0.176723 0.942328 0.0280854 0.0286584 0.750386
0 0.0293005 0.473202 0.0293501 0.0246473 0.74975
0 0.0941848 0.612189 0.0406611 0.0236953 0.743532
0 0.448442 0.891572 0.0452822 0.0398537 0.742272
0 0.366522 0.422506 0.0444181 0.018106 0.73828
0 0.374173 0.584047 0.0432108 0.0179767 0.737908
0 0.0409207 0.438928 0.0736188 0.0342672 0.737143
0 0.232092 0.510328 0.0511875 0.018919 0.73407
0 0.359001 0.702709 0.0538495 0.0282803 0.731837
0 0.491666 0.882509 0.0381877 0.0273931 0.730002
0 0.725115 0.725369 0.0273312 0.0211393 0.725953
0 0.0678451 0.455504 0.0369088 0.0228939 0.725558
0 0.139173 0.738289 0.10282 0.0677515 0.724536
0 0.811657 0.943277 0.111639 0.0415077 0.724506
0 0.951398 0.639323 0.0437453 0.0277508 0.721861
0 0.177586 0.378497 0.0529056 0.0210139 0.720255
0 0.926974 0.783248 0.0486947 0.0335512 0.718267
0 0.357189 0.858525 0.0439673 0.0217442 0.714441
0 0.472847 0.84163 0.0412969 0.0191002 0.713931
0 0.500716 0.472825 0.0252498 0.0170702 0.711047
0 0.30339 0.737686 0.0603135 0.0329216 0.707572
0 0.653804 0.668449 0.114114 0.0756945 0.700637
0 0.407644 0.399825 0.0666366 0.0188442 0.696399
0 0.417903 0.641791 0.0544614 0.0289208 0.69639
0 0.216151 0.528562 0.0211313 0.0105814 0.696284
0 0.225666 0.397597 0.114743 0.0359412 0.694057
0 0.196659 0.902958 0.0436996 0.0432813 0.693497
0 0.795535 0.841623 0.0626353 0.0465458 0.692451
0 0.0842892 0.783975 0.0583286 0.0421858 0.690153
0 0.649731 0.938014 0.0826128 0.044775 0.688172
0 0.164183 0.842683 0.0583291 0.01794 0.680875
0 0.768113 0.873653 0.0370637 0.0255818 0.678188
0 0.202763 0.797943 0.079518 0.0336119 0.676745
0 0.0747711 0.626567 0.0352911 0.0159446 0.676652
0 0.933739 0.665133 0.0348123 0.0134911 0.67459
0 0.367197 0.759485 0.03085 0.0139078 0.669121
0 0.312085 0.36558 0.0423522 0.0132709 0.668857
0 0.237392 0.450866 0.0911961 0.0692106 0.668802
0 0.825198 0.706269 0.0410528 0.015852 0.668126
0 0.0549797 0.609228 0.0219787 0.0171891 0.661939
0 0.152176 0.880299 0.0666435 0.064354 0.661368
0 0.434552 0.80911 0.0305386 0.0203053 0.661316
0 0.838112 0.964824 0.0618821 0.0292858 0.652373
0 0.0973429 0.372873 0.0356671 0.0177194 0.651799
0 0.1461 0.674054 0.0281886 0.0280563 0.647646
0 0.246076 0.811878 0.0613129 0.0266227 0.645883
0 0.365729 0.815806 0.0725748 0.0187366 0.645183
0 0.725786 0.777898 0.12546 0.0674942 0.643016
0 0.519169 0.904666 0.0526987 0.0322994 0.642662
0 0.472626 0.673758 0.0737046 0.021131 0.639206
0 0.926776 0.493432 0.0418955 0.0518608 0.634731
0 0.647445 0.793162 0.0765037 0.0592947 0.634642
0 0.0491064 0.357338 0.0287933 0.0161266 0.634406
0 0.0612803 0.647403 0.0281691 0.0226413 0.632598
0 0.0434012 0.843731 0.0270816 0.0162977 0.631555
0 0.506865 0.537927 0.086299 0.0824731 0.630928
0 0.418321 0.827096 0.0262165 0.0163412 0.62898
0 0.281213 0.55601 0.0371517 0.0229898 0.628152
0 0.517137 0.852688 0.0468546 0.0371811 0.625879
0 0.836517 0.810581 0.10571 0.0563156 0.62548
0 0.925124 0.686185 0.0607651 0.0267574 0.623824
0 0.209804 0.77328 0.0343952 0.0163569 0.619311
0 0.525258 0.598171 0.0632688 0.0270416 0.616666
0 0.399605 0.801276 0.0463169 0.0276678 0.615833
0 0.84109 0.891986 0.0607744 0.0421814 0.613701
0 0.424934 0.684443 0.0241948 0.00961968 0.611358
0 0.5736 0.416336 0.0212687 0.0183662 0.607591
0 0.252142 0.904592 0.0419375 0.0221293 0.60624
0 0.0850604 0.847155 0.0611957 0.0442076 0.605703
0 0.845071 0.565598 0.106309 0.0892038 0.603108
0 0.852135 0.635786 0.129599 0.0315765 0.602132
0 0.125708 0.811893 0.0467173 0.0297132 0.597215
0 0.975418 0.601056 0.049165 0.0550291 0.596568
0 0.647718 0.442592 0.0243276 0.0101557 0.59103
0 0.162911 0.479409 0.0872871 0.0593209 0.590487
0 0.498608 0.629762 0.0974929 0.0536853 0.588221
0 0.360217 0.776664 0.0318749 0.012007 0.588071
0 0.91807 0.584575 0.0404804 0.0388653 0.587239
0 0.553621 0.742406 0.0606815 0.0292767 0.584262
0 0.445379 0.849136 0.0642175 0.02428 0.581065
0 0.925057 0.500449 0.0379692 0.0369286 0.579304
0 0.797697 0.906757 0.0399003 0.0285684 0.576056
0 0.0790049 0.894066 0.096637 0.0632388 0.568525
0 0.665935 0.902014 0.0429788 0.019891 0.568194
0 0.917687 0.75055 0.0244294 0.0129185 0.56534
0 0.0453344 0.578651 0.0551488 0.0477539 0.565141
0 0.54321 0.53831 0.0310393 0.0265446 0.563467
0 0.770491 0.696001 0.0219325 0.0156555 0.561032
0 0.045953 0.901914 0.0376886 0.0340064 0.55396
0 0.305743 0.507782 0.0192477 0.0192024 0.553909
0 0.700475 0.91112 0.031708 0.0300694 0.547384
0 0.971966 0.497359 0.0313107 0.0182068 0.545821
0 0.893944 0.523133 0.0245112 0.0130741 0.544973
0 0.691357 0.609017 0.0647672 0.0219295 0.53852
0 0.397298 0.779454 0.0357495 0.0165187 0.538011
0 0.69166 0.73158 0.0202557 0.0176428 0.537764
0 0.690806 0.545659 0.0214007 0.0097338 0.537542
0 0.973334 0.71744 0.0523803 0.0247255 0.536925
0 0.912519 0.81344 0.0424223 0.0289753 0.533161
0 0.693625 0.77019 0.0720255 0.0397295 0.532467
0 0.802788 0.498585 0.0612014 0.0243856 0.529217
0 0.191739 0.70452 0.054946 0.0201472 0.527953
0 0.317991 0.831981 0.0782254 0.0250899 0.527347
0 0.0819964 0.354929 0.0296112 0.0125431 0.5266
0 0.603517 0.908522 0.0316693 0.0134196 0.525926
0 0.594746 0.571193 0.0222405 0.0148933 0.523893
0 0.0571491 0.81174 0.0464407 0.0271489 0.520596
0 0.569916 0.656198 0.0627767 0.0566191 0.516894
0 0.192136 0.667303 0.0697174 0.0400584 0.515811
0 0.125624 0.695283 0.0391009 0.0140592 0.511871
0 0.145436 0.541993 0.0298493 0.012431 0.503282
0 0.291115 0.706434 0.0626256 0.0299278 0.501692
0 0.24572 0.695453 0.0776531 0.0300089 0.499703
0 0.658296 0.566725 0.0210361 0.0267384 0.498598
0 0.192047 0.53699 0.0300284 0.0174341 0.494405
0 0.599296 0.872478 0.020468 0.0135448 0.492286
0 0.487369 0.777729 0.0429839 0.0289537 0.491112
0 0.169195 0.969309 0.0684431 0.0289726 0.488914
0 0.699371 0.637556 0.0347822 0.0207358 0.484686
0 0.127746 0.705818 0.026979 0.0119838 0.478685
0 0.600429 0.931704 0.0357873 0.022184 0.477466
0 0.260069 0.75987 0.127868 0.095808 0.4751
0 0.723779 0.743125 0.0185249 0.0082076 0.468452
0 0.34844 0.627155 0.0838876 0.0951239 0.466949
0 0.0743097 0.414511 0.0187124 0.0131467 0.465179
0 0.0532059 0.51869 0.0924004 0.0537405 0.461231
0 0.0306156 0.414733 0.0363832 0.0131777 0.460344
0 0.283984 0.540015 0.0393353 0.0220807 0.452381
0 0.364407 0.881484 0.0157754 0.00784587 0.449986
0 0.698003 0.634253 0.0307462 0.0272015 0.44326
0 0.497175 0.519969 0.0692638 0.0469839 0.438714
0 0.938473 0.609315 0.0201048 0.0237724 0.437586
0 0.74403 0.606923 0.0521093 0.0517273 0.426866
0 0.47103 0.568276 0.0179357 0.0213538 0.417578
0 0.407273 0.700054 0.0495456 0.0284432 0.415181
0 0.251667 0.546109 0.011261 0.00766733 0.415132
0 0.40293 0.757023 0.0432121 0.0305137 0.413992
0 0.497018 0.621223 0.106788 0.0718783 0.40637
0 0.876583 0.51006 0.0206448 0.0149164 0.402305
0 0.607573 0.909057 0.0234825 0.013195 0.400689
0 0.453861 0.589281 0.0555879 0.022589 0.397049
0 0.320784 0.565497 0.0154295 0.00960757 0.39652
0 0.121812 0.757084 0.059259 0.0233489 0.392073
0 0.427418 0.590221 0.0975703 0.0337188 0.390253
0 0.618304 0.7485 0.0114658 0.0131834 0.387638
0 0.288607 0.53587 0.0295768 0.0134946 0.381345
0 0.828174 0.46882 0.0762473 0.0371479 0.381237
0 0.421628 0.431646 0.0151113 0.0110739 0.380059
0 0.325745 0.681947 0.0248001 0.00854474 0.376297
0 0.843034 0.516574 0.0185659 0.0130058 0.375266
0 0.0429857 0.763457 0.0209989 0.0110579 0.368049
0 0.198349 0.625831 0.084321 0.0341312 0.367934
0 0.308197 0.584021 0.0342705 0.013604 0.366222
0 0.836604 0.761003 0.0941604 0.0456337 0.361272
0 0.359408 0.72928 0.0471406 0.0121647 0.358818
0 0.638868 0.541537 0.0199454 0.0122578 0.35776
0 0.764833 0.894468 0.0262424 0.01299 0.357297
0 0.259869 0.738245 0.042922 0.0230981 0.355681
0 0.346785 0.730217 0.0211488 0.0107779 0.351656
0 0.984533 0.773653 0.022939 0.0112396 0.350992
0 0.682354 0.928035 0.0170206 0.0142814 0.346051
0 0.510357 0.953498 0.0192538 0.0189175 0.343647
0 0.885909 0.950913 0.032667 0.0252638 0.341039
0 0.977503 0.78833 0.0345193 0.0136183 0.337199
0 0.814815 0.633949 0.0510579 0.0260448 0.336573
0 0.343354 0.721426 0.0272656 0.00806876 0.327691
0 0.0948069 0.365932 0.0435375 0.0322301 0.326431
0 0.784962 0.581806 0.0469193 0.0498032 0.326394
0 0.529565 0.403007 0.018604 0.0162363 0.324262
0 0.884649 0.61827 0.0464199 0.0222141 0.319634
0 0.974587 0.819124 0.0443405 0.0297201 0.318457
0 0.0153205 0.914572 0.0290669 0.0183806 0.318249
0 0.822863 0.479455 0.0858198 0.0586822 0.318108
0 0.0232522 0.550096 0.0406892 0.0255056 0.310075
0 0.704597 0.483595 0.017267 0.00946063 0.307745
0 0.556089 0.707472 0.0689435 0.0486386 0.305779
0 0.924009 0.78849 0.0577569 0.0445605 0.304912
0 0.409831 0.964895 0.0301178 0.024157 0.303762
0 0.30166 0.705441 0.0418866 0.0268835 0.302136
0 0.960917 0.97616 0.0306515 0.0183758 0.299535
0 0.188898 0.615025 0.0574271 0.0242271 0.298535
0 0.545772 0.923425 0.0625006 0.0265164 0.29761
0 0.159491 0.695817 0.024889 0.0124921 0.296588
0 0.618401 0.550921 0.0175075 0.0133883 0.294646
0 0.791228 0.726988 0.085728 0.0462881 0.28935
0 0.954485 0.944556 0.0359274 0.0281494 0.289192
0 0.485238 0.627207 0.12925 0.0576746 0.288717
0 0.82527 0.893811 0.0935491 0.0495094 0.287458
0 0.113631 0.680136 0.0211986 0.0189245 0.285432
0 0.142059 0.359673 0.0184763 0.00869037 0.285276
0 0.117577 0.876047 0.0269736 0.021077 0.284837
0 0.81515 0.743203 0.137615 0.0801665 0.282987
0 0.971116 0.910459 0.0450807 0.0336414 0.279911
0 0.516899 0.433885 0.0153513 0.0103805 0.279787
0 0.986775 0.6392 0.0238322 0.0193164 0.275567
0 0.203897 0.498951 0.0274892 0.0116249 0.274956
0 0.192289 0.612824 0.0389329 0.0204217 0.27482
0 0.151813 0.9114 0.0457685 0.0243087 0.274715
0 0.334382 0.594159 0.0678691 0.0303582 0.27442
0 0.100124 0.828709 0.0376503 0.0211614 0.27429
0 0.751592 0.777189 0.0734496 0.0674223 0.274145
0 0.486463 0.729581 0.0857686 0.0543236 0.271412
0 0.210341 0.799521 0.107304 0.0362163 0.270724
0 0.191854 0.513455 0.0160646 0.0116925 0.27001
0 0.909175 0.437334 0.0227584 0.0156226 0.267888
0 0.713056 0.568963 0.0571986 0.031003 0.26694
0 0.23305 0.46274 0.0970402 0.0904458 0.265446
0 0.169664 0.499844 0.028776 0.0186817 0.264939
0 0.990377 0.749785 0.0192457 0.021486 0.261319
0 0.225395 0.920794 0.0415975 0.0178947 0.257426
0 0.0136933 0.355812 0.0273866 0.0257014 0.257207
0 0.629584 0.548593 0.0385898 0.0207587 0.252553
0 0.65659 0.658928 0.0934694 0.047599 0.251283
