0 0.296757 0.702063 0.0947241 0.0572909 0.926108
0 0.643364 0.546702 0.129638 0.0394846 0.909367
0 0.414298 0.540412 0.0807119 0.0387508 0.89689
0 0.619159 0.65392 0.0785914 0.0410565 0.894527
0 0.104432 0.513883 0.056219 0.0281196 0.882992
0 0.336255 0.593566 0.0940994 0.0522915 0.881058
0 0.124819 0.868548 0.106301 0.0561318 0.878391
0 0.569258 0.468903 0.0541369 0.0237915 0.860664
0 0.7961 0.925828 0.059651 0.0590432 0.860378
0 0.140457 0.579185 0.0937308 0.0631045 0.860031
0 0.574313 0.776492 0.101294 0.0348687 0.85693
0 0.626926 0.882102 0.0662219 0.0379797 0.856135
0 0.085395 0.914027 0.113244 0.0373886 0.855957
0 0.444649 0.933396 0.044684 0.0238495 0.855523
0 0.228174 0.582633 0.106567 0.0480085 0.849471
0 0.626448 0.830478 0.130375 0.0494274 0.846019
0 0.211032 0.658438 0.0623884 0.0367434 0.845047
0 0.916919 0.904896 0.145551 0.0521682 0.844155
0 0.513121 0.509314 0.0348166 0.0204933 0.843506
0 0.887272 0.696807 0.0437397 0.0219966 0.843271
0 0.916602 0.758856 0.105242 0.0446881 0.842889
0 0.875294 0.591527 0.0556338 0.0198066 0.842143
0 0.491795 0.7551 0.107273 0.0716782 0.840696
0 0.321351 0.910964 0.0731189 0.0409445 0.839088
0 0.786687 0.591948 0.098746 0.0315594 0.837721
0 0.814276 0.630227 0.0758615 0.0469795 0.836146
0 0.505139 0.892129 0.0418049 0.0225648 0.835629
0 0.318572 0.534677 0.0358897 0.0174127 0.831185
0 0.474237 0.532166 0.0403017 0.0416497 0.829873
0 0.181322 0.52033 0.0506017 0.0330446 0.827911
0 0.823671 0.688515 0.0520962 0.054767 0.819752
0 0.773062 0.724739 0.0773612 0.0523653 0.815136
0 0.406768 0.770325 0.0667257 0.0377622 0.815083
0 0.117112 0.478308 0.0516002 0.0181212 0.81354
0 0.525211 0.528605 0.0468159 0.0137866 0.813309
0 0.720438 0.615618 0.053148 0.0170759 0.812376
0 0.199871 0.688229 0.0624585 0.040325 0.809842
0 0.455791 0.880198 0.0379882 0.0216016 0.807761
0 0.489077 0.858447 0.0553369 0.031697 0.807722
0 0.507331 0.917736 0.0471345 0.0271785 0.806114
0 0.697928 0.703131 0.0624164 0.0496997 0.805143
0 0.0702665 0.481583 0.0612558 0.0439173 0.802656
0 0.825588 0.74659 0.0458377 0.0273022 0.801292
0 0.155856 0.635304 0.0594152 0.0220185 0.799403
0 0.370142 0.690876 0.0457786 0.0201297 0.798655
0 0.775023 0.667451 0.0543968 0.0253021 0.794545
0 0.763657 0.848668 0.0689595 0.03816 0.791233
0 0.47413 0.563927 0.0360396 0.0201651 0.789441
0 0.946344 0.686114 0.0672539 0.0539978 0.786544
0 0.258546 0.840763 0.186985 0.0499304 0.785169
0 0.0700825 0.65977 0.111611 0.0571426 0.785128
0 0.39534 0.888137 0.096889 0.0728802 0.784285
0 0.222821 0.54645 0.0308386 0.0162498 0.782903
0 0.540511 0.669048 0.0748356 0.0304119 0.775702
0 0.54706 0.804196 0.0585562 0.0312821 0.773937
0 0.312188 0.419178 0.0303661 0.0149599 0.7729
0 0.945907 0.645593 0.0382254 0.0284647 0.772479
0 0.711676 0.7995 0.0572732 0.0262518 0.770997
0 0.0480388 0.429433 0.0504052 0.0446528 0.770824
0 0.271969 0.452374 0.046275 0.0142857 0.770444
0 0.55437 0.613512 0.096599 0.0525225 0.767093
0 0.584089 0.510115 0.0346236 0.0153583 0.766909
0 0.171654 0.443827 0.0341174 0.0152911 0.766137
0 0.659049 0.583212 0.0601689 0.0275847 0.764122
0 0.570635 0.899832 0.0515869 0.019033 0.760395
0 0.499538 0.583943 0.0305455 0.0115595 0.752276
0 0.103126 0.731699 0.0450777 0.0346755 0.748667
0 0.870671 0.646084 0.0930901 0.0345343 0.748395
0 0.599946 0.590438 0.05703 0.0218571 0.747827
0 0.221698 0.493219 0.0564169 0.0213203 0.747525
0 0.181526 0.473149 0.0389004 0.0211318 0.74601
0 0.615712 0.804221 0.0683183 0.0226552 0.73973
0 0.0726296 0.573916 0.0929588 0.0996408 0.738455
0 0.293384 0.635314 0.0568608 0.0267691 0.737718
0 0.372479 0.734055 0.0517575 0.0364628 0.734844
0 0.338041 0.473807 0.0786488 0.0350361 0.732643
0 0.271334 0.655675 0.06076 0.0235572 0.730616
0 0.740195 0.921335 0.0520203 0.055633 0.730041
0 0.342219 0.63803 0.0662442 0.0475656 0.727348
0 0.0813797 0.759449 0.0464033 0.0259617 0.726717
0 0.627736 0.728973 0.172408 0.119837 0.724642
0 0.413133 0.577576 0.0764893 0.0266243 0.720951
0 0.754593 0.775743 0.0590384 0.0273014 0.719077
0 0.949272 0.939135 0.0662039 0.0282414 0.716903
0 0.345594 0.762423 0.060635 0.0424783 0.714727
0 0.45948 0.707283 0.0482994 0.0173261 0.713812
0 0.109988 0.944281 0.0448022 0.0273025 0.713716
0 0.550306 0.639353 0.0632356 0.0346219 0.710028
0 0.430386 0.663276 0.183463 0.0508539 0.704302
0 0.943861 0.60672 0.0303389 0.0267868 0.700069
0 0.202153 0.872484 0.0478809 0.0463222 0.697666
0 0.811696 0.849299 0.0463821 0.0245426 0.691268
0 0.969281 0.863623 0.0496801 0.0289061 0.689388
0 0.785488 0.797327 0.0885428 0.0239946 0.685841
0 0.961041 0.827227 0.0767551 0.0453734 0.681113
0 0.391466 0.456422 0.0269726 0.023027 0.678374
0 0.590128 0.685849 0.049494 0.0237978 0.6721
0 0.863841 0.747863 0.0228107 0.0128204 0.668018
0 0.240767 0.726004 0.0471956 0.0298977 0.666297
0 0.717206 0.479457 0.032957 0.015164 0.665426
0 0.154577 0.918582 0.0324967 0.0182945 0.664078
0 0.449271 0.625645 0.101124 0.0439352 0.663023
0 0.118897 0.692433 0.0670351 0.0335707 0.662562
0 0.360474 0.942005 0.0430916 0.0241804 0.656838
0 0.256801 0.628416 0.0419174 0.0167473 0.650803
0 0.839763 0.776826 0.0207406 0.0216003 0.645226
0 0.745722 0.678015 0.0224922 0.0184313 0.644204
0 0.698836 0.845308 0.0354983 0.0306907 0.641275
0 0.350843 0.396169 0.0369823 0.0124527 0.636448
0 0.26934 0.919777 0.051786 0.0393465 0.630394
0 0.474015 0.949488 0.0621891 0.0376551 0.629142
0 0.405516 0.742298 0.0189599 0.0132861 0.626607
0 0.416578 0.508726 0.0782936 0.0238294 0.624293
0 0.416813 0.695248 0.0413305 0.0196625 0.623022
0 0.430358 0.491092 0.0346687 0.0192375 0.613858
0 0.91481 0.581619 0.036382 0.0215823 0.611028
0 0.350928 0.799532 0.0458796 0.0176679 0.610485
0 0.0285053 0.38666 0.0444165 0.0290147 0.609028
0 0.239516 0.615645 0.0309112 0.0130715 0.607822
0 0.416574 0.710348 0.0345212 0.0120396 0.601507
0 0.443651 0.784642 0.0350039 0.0269111 0.599046
0 0.414512 0.818217 0.105691 0.0395813 0.596887
0 0.253337 0.744098 0.0634085 0.0286699 0.59546
0 0.962612 0.717766 0.043368 0.0248201 0.59521
0 0.733266 0.577879 0.0271829 0.0211031 0.594359
0 0.847806 0.87779 0.0909898 0.0333835 0.593909
0 0.186655 0.944954 0.0792496 0.0333721 0.592211
0 0.97283 0.794633 0.052234 0.025881 0.59145
0 0.860174 0.779945 0.0262754 0.0278249 0.590873
0 0.344566 0.877946 0.0282345 0.0117093 0.590481
0 0.692313 0.89184 0.110735 0.0600318 0.587192
0 0.0637606 0.706472 0.0523768 0.0268482 0.583082
0 0.390807 0.81748 0.0587826 0.0371549 0.578268
0 0.703914 0.528461 0.0215085 0.0125321 0.57824
0 0.437227 0.423822 0.0553471 0.0272766 0.573795
0 0.329086 0.494437 0.0577935 0.0244321 0.56743
0 0.193443 0.713868 0.0632287 0.0223444 0.566306
0 0.757092 0.549734 0.0645563 0.0311542 0.557307
0 0.378137 0.707316 0.0187771 0.00727783 0.554634
0 0.886931 0.536826 0.0659378 0.0586006 0.547718
0 0.54906 0.857886 0.0843158 0.0473701 0.538858
0 0.220617 0.412969 0.0811204 0.0377856 0.535016
0 0.860615 0.822915 0.139557 0.0559792 0.527559
0 0.430455 0.578902 0.0409677 0.023661 0.527293
0 0.763582 0.643727 0.0199493 0.0126499 0.525727
0 0.39573 0.609238 0.0204972 0.0104244 0.522713
0 0.439039 0.832985 0.0557535 0.0200863 0.521721
0 0.2377 0.935775 0.0211048 0.019637 0.520916
0 0.554413 0.948822 0.0266985 0.0283387 0.519761
0 0.268477 0.533931 0.0284717 0.0242682 0.512234
0 0.748543 0.631874 0.0253459 0.0116855 0.50641
0 0.181357 0.78309 0.0341083 0.0323811 0.502202
0 0.701302 0.581998 0.0304877 0.010337 0.500844
0 0.0175749 0.516331 0.0351497 0.0293 0.499874
0 0.124928 0.420829 0.0668774 0.0205427 0.494431
0 0.0880047 0.375095 0.0312996 0.0289374 0.492426
0 0.284089 0.511724 0.0320617 0.021833 0.490646
0 0.517119 0.815632 0.0324742 0.0235565 0.485399
0 0.188708 0.544706 0.0203618 0.0083398 0.484745
0 0.449818 0.80378 0.0421372 0.0190126 0.484527
0 0.292346 0.952955 0.0762308 0.0212021 0.483669
0 0.420559 0.828316 0.0935899 0.0280899 0.482596
0 0.33348 0.897177 0.0301753 0.0175319 0.473096
0 0.0984963 0.441276 0.034458 0.019592 0.471167
0 0.43391 0.51077 0.042401 0.0203457 0.470005
0 0.907861 0.865346 0.0627139 0.0356793 0.469585
0 0.78262 0.691232 0.037335 0.0202471 0.468809
0 0.121299 0.620107 0.0241615 0.00778316 0.449402
0 0.210172 0.719918 0.0299743 0.0125297 0.445628
0 0.754941 0.55902 0.0694588 0.0505037 0.419397
0 0.0165379 0.923327 0.0289077 0.0193443 0.417433
0 0.169362 0.734325 0.0838625 0.0291904 0.417248
0 0.088309 0.370885 0.0297518 0.0206557 0.415185
0 0.0538044 0.73652 0.0584433 0.0323173 0.41089
0 0.35037 0.541217 0.0200796 0.0112684 0.406899
0 0.396011 0.844124 0.0199817 0.0101002 0.400911
0 0.539355 0.551286 0.0181844 0.0163489 0.399474
0 0.415194 0.795215 0.0233296 0.0148822 0.397306
0 0.0121431 0.907718 0.0210231 0.00720197 0.396219
0 0.339936 0.569459 0.0257157 0.0200996 0.394951
0 0.526861 0.846674 0.0412294 0.0252673 0.394116
0 0.305903 0.799538 0.0445179 0.0304332 0.393568
0 0.258105 0.49896 0.0261816 0.0135507 0.393193
0 0.0141173 0.494291 0.0251252 0.00799312 0.392812
0 0.293464 0.758151 0.0392224 0.0262812 0.387663
0 0.0493206 0.851599 0.0602873 0.0326581 0.382629
0 0.267881 0.89409 0.0304286 0.0190368 0.376011
0 0.487199 0.411361 0.0176814 0.015103 0.366325
0 0.259618 0.675203 0.0298755 0.0211563 0.364975
0 0.257642 0.418402 0.0358594 0.0179074 0.364278
0 0.710969 0.964767 0.0793498 0.0280265 0.361945
0 0.496077 0.803251 0.0494085 0.0250344 0.360498
0 0.227517 0.529738 0.0161554 0.0106996 0.358188
0 0.242912 0.878669 0.0285726 0.0140122 0.353289
0 0.439634 0.419529 0.0613343 0.0350248 0.352813
0 0.452942 0.907473 0.0184982 0.0130363 0.347143
0 0.0392657 0.505864 0.0208357 0.00846567 0.344169
0 0.422047 0.457793 0.0163417 0.00713157 0.343052
0 0.224123 0.909421 0.0398261 0.0343788 0.340777
0 0.741962 0.762173 0.0445666 0.0143538 0.337675
0 0.199554 0.467873 0.0201017 0.0160429 0.337486
0 0.335642 0.483403 0.0717857 0.0458447 0.336169
0 0.158744 0.689462 0.0164746 0.0126055 0.335789
0 0.309571 0.7959 0.0534865 0.0384814 0.33239
0 0.713421 0.633839 0.0311678 0.0200005 0.319729
0 0.272057 0.660635 0.0605328 0.0308148 0.319434
0 0.0727235 0.537763 0.0232192 0.0194162 0.313655
0 0.100796 0.633161 0.0121609 0.0096672 0.312489
0 0.749561 0.694708 0.0231238 0.0143659 0.311425
0 0.6786 0.947352 0.018976 0.00986446 0.310449
0 0.88988 0.805565 0.0464156 0.0238613 0.308413
0 0.690255 0.818206 0.0228826 0.0110764 0.307915
0 0.92425 0.726923 0.0174996 0.0105475 0.307549
0 0.269272 0.751564 0.0903001 0.0423365 0.301962
0 0.14355 0.750156 0.0388649 0.0225159 0.293902
0 0.167354 0.742912 0.0850502 0.0386223 0.289287
0 0.647817 0.933827 0.0391538 0.0286192 0.288695
0 0.55227 0.867619 0.0774071 0.0298858 0.286407
0 0.982187 0.762379 0.0255617 0.0166909 0.284727
0 0.524354 0.80437 0.10506 0.0304783 0.282385
0 0.21482 0.760047 0.106414 0.0443621 0.276592
0 0.255421 0.417646 0.0388543 0.0271936 0.273468
0 0.419787 0.918182 0.0253955 0.0116423 0.269017
0 0.592378 0.695482 0.0490646 0.0426105 0.266934
0 0.0189583 0.713815 0.0368685 0.0380852 0.262495
0 0.150545 0.668342 0.0188225 0.0121397 0.261195
0 0.0646994 0.628772 0.0271265 0.0187717 0.260965
0 0.343801 0.622833 0.0318939 0.0165331 0.253983
0 0.710278 0.667596 0.0125765 0.00715445 0.252965
