0 0.108669 0.877906 0.105168 0.043615 0.907554
0 0.217 0.773146 0.0991023 0.0566587 0.9018
0 0.365818 0.663061 0.0709991 0.0468698 0.900396
0 0.703234 0.685531 0.0715511 0.0573823 0.89137
0 0.645877 0.669111 0.0546697 0.0343109 0.882369
0 0.926403 0.784539 0.0940797 0.0437264 0.881907
0 0.260103 0.707488 0.0564374 0.0320094 0.873533
0 0.315306 0.69649 0.0380953 0.0191479 0.871604
0 0.501687 0.838953 0.0807203 0.05357 0.868381
0 0.294323 0.661933 0.0891267 0.0368515 0.864322
0 0.0987252 0.594899 0.0715299 0.0248228 0.863779
0 0.0777109 0.825263 0.109634 0.0590518 0.862661
0 0.406244 0.571317 0.0425659 0.0199399 0.858669
0 0.414056 0.809984 0.156167 0.0781946 0.852631
0 0.766796 0.689729 0.0440952 0.017372 0.850282
0 0.335951 0.537576 0.0634231 0.0236757 0.845675
0 0.860142 0.820795 0.101671 0.0359992 0.844852
0 0.163123 0.826219 0.0654054 0.0344651 0.844394
0 0.44216 0.66041 0.0526357 0.0383152 0.842022
0 0.50829 0.56478 0.0351478 0.0148481 0.836151
0 0.178161 0.716351 0.061562 0.0391151 0.834528
0 0.543162 0.606836 0.0385444 0.0204446 0.833781
0 0.605115 0.611544 0.0801383 0.0297213 0.831059
0 0.84991 0.913369 0.172184 0.0310085 0.830587
0 0.411163 0.689968 0.0430603 0.0206981 0.821889
0 0.453457 0.630642 0.0286919 0.0101017 0.821747
0 0.386032 0.607822 0.0274844 0.015823 0.8212
0 0.341194 0.902286 0.0584861 0.0299004 0.81929
0 0.32907 0.635112 0.0420493 0.0218187 0.81481
0 0.055812 0.451019 0.0406873 0.0216947 0.814578
0 0.0562534 0.483433 0.0492269 0.0298019 0.808858
0 0.56667 0.782389 0.121318 0.0437086 0.808117
0 0.850786 0.789043 0.0373977 0.0239588 0.804559
0 0.211389 0.655917 0.0655532 0.0576216 0.802862
0 0.150571 0.643348 0.033968 0.0182092 0.802572
0 0.449424 0.716247 0.06231 0.0336162 0.796905
0 0.34445 0.611323 0.0215598 0.023737 0.796015
0 0.137261 0.764544 0.0715797 0.0508051 0.792915
0 0.102558 0.560028 0.0504834 0.0222393 0.784802
0 0.0753617 0.746523 0.117305 0.0447691 0.775463
0 0.27226 0.906726 0.0738381 0.0243215 0.774883
0 0.206729 0.852542 0.0553752 0.0581113 0.767636
0 0.929079 0.891963 0.0578231 0.0206112 0.765751
0 0.873726 0.571747 0.0292511 0.0109129 0.764042
0 0.977005 0.763479 0.0353302 0.0224656 0.763984
0 0.742515 0.712247 0.0520388 0.0283847 0.762692
0 0.271391 0.626189 0.0313502 0.0288704 0.759054
0 0.504425 0.533322 0.029605 0.013751 0.757161
0 0.084959 0.78371 0.0357272 0.0179634 0.755764
0 0.817723 0.761785 0.0835281 0.0447591 0.752994
0 0.214759 0.910645 0.0302526 0.0248447 0.744146
0 0.946252 0.859747 0.101488 0.0431293 0.741208
0 0.237562 0.533327 0.0272388 0.00884829 0.740543
0 0.287801 0.829125 0.144376 0.0868945 0.737943
0 0.811595 0.628435 0.176149 0.0290564 0.736598
0 0.123285 0.616446 0.0461871 0.0177391 0.731686
0 0.0747123 0.529221 0.0247283 0.0120306 0.727551
0 0.933412 0.642362 0.0318851 0.0251039 0.724155
0 0.630104 0.835399 0.036316 0.031102 0.720409
0 0.124583 0.471318 0.0338914 0.0236005 0.719462
0 0.677739 0.739881 0.0798519 0.0323065 0.719068
0 0.718019 0.939022 0.0268908 0.0203125 0.708676
0 0.606519 0.86778 0.161109 0.0870983 0.704946
0 0.822024 0.555138 0.0266832 0.00917603 0.703407
0 0.91416 0.625427 0.031075 0.0220722 0.702099
0 0.604376 0.723311 0.10446 0.0490263 0.697183
0 0.54727 0.664678 0.0414547 0.0312031 0.690987
0 0.87666 0.677591 0.0245581 0.02628 0.677726
0 0.110846 0.698592 0.0762155 0.0367948 0.677115
0 0.732958 0.771415 0.0799363 0.0585173 0.668535
0 0.500122 0.691586 0.0649096 0.0509646 0.668267
0 0.414222 0.731071 0.0930154 0.0508211 0.661727
0 0.981913 0.715766 0.0361742 0.021372 0.660235
0 0.769855 0.564088 0.0182628 0.0163297 0.656695
0 0.591756 0.659771 0.0174252 0.0116174 0.656423
0 0.439815 0.574333 0.0270003 0.0257706 0.652795
0 0.780086 0.849626 0.0900047 0.0522953 0.651911
0 0.456012 0.543996 0.0350932 0.0180679 0.650643
0 0.15655 0.920873 0.0725942 0.0373867 0.648918
0 0.0174518 0.466295 0.0283238 0.0181366 0.646255
0 0.596034 0.818962 0.0269099 0.00934335 0.644367
0 0.533946 0.588682 0.0283116 0.0139744 0.641519
0 0.178275 0.802036 0.0270068 0.0135352 0.641235
0 0.639167 0.817849 0.0242277 0.0118794 0.636171
0 0.188872 0.588291 0.055874 0.0188198 0.635537
0 0.85154 0.715748 0.0188874 0.0172571 0.624564
0 0.0731079 0.578884 0.0193042 0.0129816 0.624152
0 0.77428 0.652765 0.0543704 0.0238345 0.620666
0 0.175962 0.536917 0.027235 0.0110046 0.619314
0 0.205654 0.576621 0.0260609 0.0136183 0.608718
0 0.799747 0.7263 0.0200349 0.0122043 0.60414
0 0.415004 0.529553 0.0266919 0.0132055 0.60286
0 0.733282 0.783625 0.0796921 0.0353587 0.599688
0 0.551507 0.750576 0.0270692 0.0131552 0.59079
0 0.357904 0.585107 0.0265847 0.0122687 0.590171
0 0.722391 0.916066 0.0593308 0.0198349 0.589148
0 0.535233 0.904723 0.0606891 0.0313069 0.587783
0 0.308425 0.590415 0.0186583 0.012322 0.585522
0 0.272184 0.545896 0.0236454 0.0166812 0.584547
0 0.372894 0.559134 0.0239136 0.0143392 0.576572
0 0.289265 0.757195 0.0288561 0.0188053 0.576024
0 0.688874 0.603909 0.0229884 0.00887831 0.574773
0 0.384636 0.7688 0.0387064 0.0290718 0.5713
0 0.575277 0.701284 0.0675527 0.0318886 0.569197
0 0.940687 0.72438 0.0394744 0.0129999 0.569043
0 0.655583 0.912121 0.0630689 0.0270009 0.563142
0 0.470886 0.743689 0.0241574 0.0134495 0.562865
0 0.409324 0.766069 0.0467385 0.0320993 0.560978
0 0.75057 0.882261 0.0312216 0.0153835 0.553571
0 0.683845 0.796164 0.0211876 0.0205088 0.552236
0 0.246776 0.865134 0.0297588 0.0222404 0.550663
0 0.140384 0.519351 0.0351567 0.0212496 0.549297
0 0.874122 0.746221 0.0313292 0.016853 0.548507
0 0.392982 0.767651 0.0562458 0.0311518 0.538073
0 0.647718 0.590553 0.0174005 0.0132219 0.536258
0 0.841855 0.748137 0.0336925 0.0207527 0.517573
0 0.170527 0.486239 0.022176 0.016763 0.516014
0 0.405973 0.89033 0.038563 0.0241658 0.515305
0 0.461558 0.602708 0.0755406 0.0351568 0.514304
0 0.677254 0.765041 0.029733 0.0216621 0.513717
0 0.857761 0.947379 0.021117 0.0128992 0.508876
0 0.0667108 0.639506 0.0695128 0.0629505 0.506143
0 0.304818 0.733893 0.0733541 0.0246885 0.501691
0 0.258861 0.503004 0.026287 0.00959183 0.496229
0 0.703272 0.891676 0.0596738 0.033942 0.49074
0 0.490671 0.757499 0.0253311 0.0110346 0.489314
0 0.584444 0.915522 0.0429408 0.0243248 0.488083
0 0.0341709 0.514254 0.0643899 0.0239771 0.487357
0 0.472121 0.600663 0.0540139 0.0325949 0.478978
0 0.774375 0.945601 0.0557315 0.018005 0.477582
0 0.501727 0.700493 0.0622511 0.0335545 0.47652
0 0.458854 0.90594 0.0765857 0.0840473 0.475859
0 0.978478 0.818773 0.0415813 0.0437718 0.474235
0 0.286678 0.932699 0.029705 0.014551 0.473694
0 0.0253924 0.869892 0.049365 0.0362389 0.468846
0 0.836089 0.948016 0.0151412 0.0108081 0.466683
0 0.709552 0.639386 0.0142413 0.0173859 0.459248
0 0.981847 0.913054 0.0363057 0.0202385 0.457552
0 0.279306 0.521024 0.0172016 0.0126991 0.455035
0 0.764561 0.945492 0.0360188 0.0165875 0.451271
0 0.431653 0.550308 0.030229 0.0147615 0.44725
0 0.247654 0.885577 0.0214067 0.0158101 0.447007
0 0.672128 0.938487 0.0595606 0.02733 0.440689
0 0.244447 0.581621 0.0170919 0.0127771 0.438309
0 0.0430595 0.577056 0.0366995 0.0228926 0.438129
0 0.794003 0.789148 0.0315276 0.00988064 0.433465
0 0.0178046 0.537783 0.0318173 0.0181029 0.431854
0 0.11818 0.41649 0.0298897 0.0197461 0.430307
0 0.637647 0.765492 0.0325236 0.0183967 0.425182
0 0.246307 0.741643 0.023898 0.0120888 0.424406
0 0.484144 0.673496 0.0369058 0.0207405 0.423415
0 0.317402 0.924514 0.0231153 0.0130839 0.423178
0 0.673334 0.864397 0.0920698 0.05061 0.420151
0 0.67984 0.873541 0.106517 0.0704597 0.416521
0 0.0436148 0.51657 0.0419281 0.0226432 0.415566
0 0.726972 0.806288 0.0166653 0.0082874 0.412554
0 0.253743 0.730461 0.0296636 0.0107312 0.402309
0 0.829785 0.869639 0.0233288 0.016288 0.399708
0 0.849768 0.846634 0.0546174 0.0172096 0.378035
0 0.324241 0.781983 0.0185658 0.0107649 0.376595
0 0.987979 0.597058 0.0219306 0.0159291 0.36536
0 0.788659 0.946441 0.0349443 0.0180033 0.363476
0 0.226358 0.941487 0.0487642 0.0318612 0.359588
0 0.238484 0.691884 0.0198695 0.0173534 0.35526
0 0.120151 0.634244 0.0184337 0.0104904 0.354647
0 0.806444 0.710929 0.0233168 0.0166334 0.353026
0 0.303471 0.510242 0.0185043 0.00828677 0.341769
0 0.412683 0.914836 0.0232117 0.0100527 0.335464
0 0.744488 0.82476 0.0452833 0.0276333 0.315
0 0.872652 0.750188 0.0373753 0.0256033 0.314015
0 0.702132 0.823432 0.0412962 0.0199116 0.312776
0 0.436485 0.569268 0.0255683 0.0184492 0.309128
0 0.702967 0.881931 0.0633373 0.0529295 0.308567
0 0.0157939 0.510694 0.0274626 0.0162727 0.306644
0 0.977306 0.61419 0.0443405 0.0167364 0.30245
0 0.0695427 0.647648 0.0655823 0.0462934 0.300977
0 0.440563 0.614328 0.03587 0.0111395 0.298667
0 0.116214 0.683196 0.0268221 0.00848334 0.296948
0 0.679725 0.792278 0.0312735 0.0295544 0.296341
0 0.408644 0.72373 0.0845665 0.0356554 0.292136
0 0.724079 0.82423 0.0856899 0.0285031 0.287399
0 0.775543 0.734092 0.0179327 0.00739592 0.280925
0 0.697236 0.840251 0.0250474 0.0135558 0.272027
0 0.803036 0.651723 0.133701 0.0279402 0.264166
0 0.929765 0.819616 0.0201592 0.00913086 0.253504
