0 0.676187 0.534289 0.0829532 0.0582949 0.892218
0 0.807151 0.781853 0.103218 0.0632794 0.873476
0 0.546177 0.891847 0.138345 0.0691423 0.871177
0 0.623614 0.945902 0.0964045 0.0744642 0.871132
0 0.199139 0.785599 0.0959571 0.0827519 0.871096
0 0.0852826 0.772386 0.0767674 0.0536833 0.869406
0 0.344931 0.563083 0.0875026 0.0353202 0.861919
0 0.835311 0.451282 0.0708344 0.0381937 0.857572
0 0.0754326 0.837907 0.0932985 0.0621323 0.852972
0 0.260708 0.666721 0.124974 0.0610773 0.850155
0 0.173172 0.554485 0.129196 0.0494723 0.849972
0 0.273746 0.596607 0.113568 0.0280735 0.844907
0 0.859695 0.707543 0.127312 0.0597755 0.843111
0 0.44212 0.905341 0.105355 0.0734838 0.840541
0 0.16254 0.888023 0.0994018 0.0305885 0.840304
0 0.716482 0.769971 0.094135 0.0681434 0.831913
0 0.674393 0.57602 0.104206 0.035322 0.828809
0 0.511116 0.657112 0.0429323 0.0206247 0.825557
0 0.12803 0.923257 0.082 0.0425698 0.823533
0 0.162742 0.448282 0.0715728 0.0210287 0.822409
0 0.763281 0.445195 0.062742 0.025628 0.814667
0 0.292188 0.530079 0.0657848 0.0285786 0.814045
0 0.44845 0.629594 0.0278856 0.0175652 0.813106
0 0.846708 0.585963 0.15824 0.0666397 0.812512
0 0.705833 0.644612 0.0575082 0.0186355 0.808692
0 0.129279 0.594901 0.0544931 0.039236 0.808467
0 0.333848 0.768629 0.0340482 0.0280006 0.80732
0 0.299983 0.891416 0.0831376 0.0628838 0.806367
0 0.494415 0.492631 0.0426449 0.0183159 0.804921
0 0.461445 0.458097 0.042458 0.0178775 0.803912
0 0.392672 0.775642 0.0406007 0.0227727 0.802235
0 0.238904 0.520719 0.0442744 0.0272295 0.800152
0 0.828078 0.671468 0.0461013 0.0193167 0.797542
0 0.509905 0.469429 0.0329987 0.0166531 0.796425
0 0.309811 0.473441 0.0462734 0.0283243 0.793952
0 0.62155 0.685011 0.0669949 0.039592 0.78488
0 0.863832 0.840883 0.103055 0.0456925 0.784397
0 0.0664123 0.601119 0.062724 0.0633762 0.782402
0 0.791327 0.704855 0.0275444 0.0177033 0.780733
0 0.857626 0.379984 0.0456138 0.0213072 0.775079
0 0.424223 0.817909 0.0337886 0.0239735 0.771152
0 0.286418 0.7313 0.0854783 0.0555191 0.768488
0 0.343354 0.627984 0.119958 0.0400015 0.761831
0 0.430966 0.521387 0.0438815 0.0190394 0.761705
0 0.937916 0.432799 0.0433161 0.0188588 0.755898
0 0.539326 0.52518 0.0455814 0.0206627 0.75516
0 0.603477 0.451982 0.0330136 0.0185995 0.746927
0 0.0653707 0.900528 0.0567774 0.0437273 0.742205
0 0.732151 0.589758 0.0465181 0.0238724 0.740826
0 0.817401 0.549419 0.0226489 0.0180901 0.739571
0 0.623422 0.606237 0.0385475 0.020355 0.738261
0 0.30725 0.820024 0.110395 0.0719341 0.73702
0 0.719399 0.470687 0.048774 0.0302229 0.73599
0 0.380851 0.656719 0.0574681 0.0219053 0.735579
0 0.913512 0.527742 0.0386575 0.0223299 0.730202
0 0.177562 0.7302 0.0346551 0.0156647 0.729972
0 0.469223 0.572978 0.0596265 0.0313477 0.729768
0 0.373492 0.820358 0.0871251 0.0730145 0.72867
0 0.371033 0.732443 0.0518596 0.0555 0.723216
0 0.590509 0.50032 0.0823843 0.0448486 0.72249
0 0.414234 0.46434 0.0449396 0.0190928 0.721911
0 0.5526 0.556813 0.0263314 0.0122609 0.719149
0 0.22332 0.725578 0.0665638 0.0503208 0.718465
0 0.512064 0.429321 0.0257632 0.0198178 0.717971
0 0.875446 0.643174 0.0918007 0.0347939 0.71619
0 0.559007 0.592202 0.0397001 0.0431787 0.715844
0 0.61086 0.55261 0.0254026 0.0216182 0.715756
0 0.86816 0.473842 0.0298827 0.0191944 0.712773
0 0.725254 0.61553 0.0520021 0.0282137 0.710112
0 0.139544 0.827995 0.0498339 0.0263775 0.707227
0 0.370588 0.909496 0.0366781 0.0276912 0.703056
0 0.0673752 0.704529 0.0478973 0.0265446 0.702005
0 0.742434 0.944593 0.035868 0.0292286 0.700243
0 0.39007 0.450241 0.0395109 0.0186428 0.69998
0 0.0615505 0.648545 0.1129 0.0303194 0.699327
0 0.924285 0.478758 0.0513132 0.0213543 0.695602
0 0.592714 0.58642 0.0249426 0.0169548 0.693648
0 0.169084 0.626939 0.0973745 0.0642813 0.691185
0 0.455188 0.496761 0.0377467 0.0184561 0.688628
0 0.568018 0.542154 0.0268689 0.0129505 0.688491
0 0.691663 0.688511 0.0277114 0.01423 0.685752
0 0.553354 0.758795 0.053293 0.0378039 0.68454
0 0.403022 0.863936 0.0887917 0.0399422 0.68232
0 0.888304 0.763682 0.0630981 0.042894 0.676972
0 0.642738 0.379624 0.0306482 0.0144051 0.67669
0 0.955927 0.722987 0.0696003 0.0399994 0.676222
0 0.291557 0.561397 0.0239496 0.0151768 0.676138
0 0.790751 0.833011 0.0395818 0.0238426 0.671588
0 0.548526 0.448988 0.0444032 0.0252379 0.66831
0 0.558522 0.949684 0.0670712 0.0304626 0.666263
0 0.92858 0.627814 0.0603306 0.0486282 0.664271
0 0.776536 0.406437 0.0352106 0.0150034 0.658026
0 0.846524 0.519672 0.0341369 0.0149084 0.656419
0 0.755953 0.491004 0.0220277 0.010495 0.649951
0 0.399894 0.553364 0.0817586 0.0470518 0.648181
0 0.791651 0.533206 0.0589163 0.0115879 0.644157
0 0.391906 0.506181 0.0277961 0.0173082 0.643217
0 0.770041 0.471472 0.025156 0.00940027 0.632113
0 0.677702 0.870689 0.109302 0.0769249 0.628242
0 0.326039 0.934927 0.0260686 0.0134683 0.625318
0 0.759871 0.56798 0.0264781 0.0116556 0.623969
0 0.736835 0.671115 0.034947 0.0184999 0.623944
0 0.618478 0.758982 0.0845691 0.0510874 0.623567
0 0.638554 0.647895 0.0502536 0.0402371 0.620807
0 0.446011 0.959267 0.060095 0.0281834 0.620123
0 0.212991 0.83988 0.0375137 0.0393574 0.619864
0 0.739275 0.513552 0.0240524 0.0147683 0.614794
0 0.658933 0.668514 0.0347673 0.0153112 0.614605
0 0.190973 0.704965 0.036335 0.0265131 0.612261
0 0.14369 0.871388 0.0401292 0.0223618 0.611895
0 0.239649 0.793556 0.040191 0.0386241 0.605793
0 0.794143 0.640527 0.0327544 0.0154176 0.603652
0 0.63989 0.729255 0.175836 0.0634503 0.602595
0 0.765017 0.550868 0.0717611 0.0280932 0.602163
0 0.452865 0.779312 0.0354795 0.0152526 0.599279
0 0.37212 0.476069 0.0428338 0.0297154 0.595676
0 0.4635 0.515314 0.0268468 0.0124953 0.595298
0 0.906044 0.799249 0.0708509 0.0336712 0.58621
0 0.642983 0.451474 0.0277075 0.0199653 0.584388
0 0.502082 0.781525 0.0610296 0.0382708 0.580524
0 0.981352 0.429495 0.0288226 0.0131298 0.575266
0 0.793846 0.680563 0.030386 0.013531 0.572682
0 0.545627 0.480916 0.0210857 0.0140653 0.568474
0 0.233723 0.894869 0.0265129 0.0227814 0.567677
0 0.404406 0.585265 0.0431315 0.0180706 0.565956
0 0.717327 0.832583 0.0547684 0.0540725 0.559394
0 0.68511 0.428476 0.0261721 0.0223179 0.554961
0 0.106794 0.733128 0.0192686 0.0130468 0.553774
0 0.964015 0.498202 0.0364993 0.0165042 0.551551
0 0.449249 0.653021 0.0270692 0.0140041 0.55055
0 0.732835 0.42937 0.0370072 0.0153446 0.543343
0 0.412478 0.675595 0.0244389 0.0179687 0.540598
0 0.622754 0.806278 0.0866029 0.0639165 0.540343
0 0.431692 0.690802 0.0400446 0.0335243 0.538752
0 0.556352 0.835377 0.0412372 0.0235445 0.537678
0 0.320366 0.739504 0.0265328 0.0333568 0.533659
0 0.031743 0.793536 0.0634598 0.0243205 0.533362
0 0.0939017 0.881525 0.0284653 0.0156067 0.529219
0 0.381031 0.684768 0.0324559 0.0145523 0.525623
0 0.768435 0.72619 0.0249061 0.0163691 0.520626
0 0.881759 0.425804 0.0384789 0.0119669 0.514386
0 0.154435 0.697757 0.0389849 0.0200687 0.514154
0 0.894469 0.515233 0.0201725 0.00917743 0.511862
0 0.361087 0.929418 0.0259977 0.012031 0.507971
0 0.347344 0.507875 0.0698166 0.0448301 0.506206
0 0.562157 0.463233 0.0233175 0.0190458 0.501912
0 0.157358 0.671337 0.077427 0.0344873 0.499594
0 0.733003 0.890257 0.0455674 0.0215298 0.498387
0 0.46265 0.727711 0.166815 0.0742992 0.498022
0 0.824347 0.7387 0.0649639 0.0239595 0.496833
0 0.738543 0.69699 0.0357541 0.017271 0.488231
0 0.911074 0.946313 0.06599 0.02081 0.487539
0 0.738803 0.532328 0.0250665 0.0123362 0.483686
0 0.856767 0.88104 0.0647403 0.0274646 0.482799
0 0.401083 0.962243 0.0480298 0.0219845 0.48113
0 0.472758 0.83582 0.0401425 0.0170927 0.477984
0 0.533172 0.505302 0.0293679 0.0112314 0.476993
0 0.239936 0.875185 0.0324541 0.0178509 0.47633
0 0.738196 0.916496 0.0752059 0.0291035 0.473806
0 0.283359 0.928226 0.0462102 0.0339077 0.469823
0 0.917496 0.747253 0.0681002 0.0451157 0.468513
0 0.14505 0.849972 0.0276753 0.0150047 0.466932
0 0.0919129 0.463511 0.0182701 0.016587 0.464651
0 0.336724 0.537293 0.0342885 0.0125658 0.461871
0 0.515471 0.567575 0.0557186 0.0461011 0.456227
0 0.363483 0.583234 0.0219553 0.0101032 0.45408
0 0.888917 0.671556 0.0226111 0.0168749 0.452383
0 0.580417 0.628855 0.0584005 0.0291536 0.44884
0 0.590438 0.608842 0.0233364 0.0147024 0.447399
0 0.701362 0.600052 0.0307896 0.0208122 0.445926
0 0.339378 0.87055 0.040457 0.0323237 0.440956
0 0.828534 0.497451 0.0820352 0.0236182 0.440321
0 0.34855 0.467543 0.0246658 0.0133715 0.43698
0 0.311042 0.650638 0.0411655 0.017185 0.435923
0 0.415515 0.613707 0.0257573 0.0116062 0.435638
0 0.807168 0.917402 0.0822833 0.0249329 0.435378
0 0.645853 0.744848 0.160047 0.0817657 0.431062
0 0.112944 0.692998 0.0405325 0.0215147 0.421337
0 0.787242 0.742973 0.0301417 0.0165092 0.420587
0 0.249769 0.928919 0.0245661 0.0130694 0.414146
0 0.350415 0.697756 0.0494719 0.0311089 0.41241
0 0.223596 0.840234 0.0597481 0.0401424 0.399187
0 0.790361 0.673753 0.0265682 0.0114063 0.395149
0 0.267809 0.730488 0.116175 0.0579849 0.391146
0 0.121103 0.711138 0.0252736 0.0110745 0.387595
0 0.248569 0.58426 0.024808 0.012068 0.386244
0 0.659061 0.616279 0.0670821 0.0253082 0.382589
0 0.583597 0.464935 0.0184444 0.0155699 0.375432
0 0.573499 0.858456 0.0333776 0.0187439 0.368836
0 0.986517 0.410691 0.02572 0.0222146 0.368251
0 0.0141622 0.49154 0.0198972 0.0109201 0.365687
0 0.804229 0.492895 0.0333695 0.0145515 0.361966
0 0.623179 0.827019 0.0866299 0.105766 0.360714
0 0.12887 0.672222 0.133214 0.0362222 0.358673
0 0.961266 0.602112 0.0395797 0.0192919 0.351712
0 0.536462 0.636185 0.0215311 0.0164663 0.350884
0 0.361575 0.695776 0.0734572 0.0365482 0.348996
0 0.946211 0.919325 0.0668278 0.0478416 0.348762
0 0.130006 0.679726 0.132532 0.050066 0.346323
0 0.710256 0.442052 0.0226092 0.0140606 0.337754
0 0.200625 0.475783 0.0239039 0.013139 0.337159
0 0.48415 0.707638 0.0848195 0.0416961 0.336894
0 0.968252 0.645473 0.0130396 0.00934932 0.330094
0 0.683758 0.921743 0.0231327 0.0209868 0.330011
0 0.0150293 0.706762 0.028704 0.0177244 0.324416
0 0.103809 0.953597 0.0790447 0.0231655 0.322174
0 0.64048 0.636037 0.0561606 0.0652779 0.321635
0 0.766571 0.682637 0.0144239 0.00649165 0.320668
0 0.101463 0.948706 0.0830017 0.0320823 0.316322
0 0.111889 0.552199 0.021738 0.0113026 0.316282
0 0.551897 0.686749 0.0570741 0.0530697 0.314847
0 0.678196 0.617501 0.0296915 0.0221794 0.311604
0 0.180216 0.936369 0.0166072 0.0172158 0.311165
0 0.950051 0.659886 0.0207129 0.0137141 0.310241
0 0.941971 0.537291 0.0345861 0.0211592 0.308752
0 0.526779 0.800539 0.140407 0.0747846 0.305481
0 0.864349 0.94241 0.0340309 0.0324699 0.303374
0 0.950903 0.456162 0.0176101 0.00857291 0.302062
0 0.78396 0.558342 0.0323443 0.0104217 0.297928
0 0.892395 0.451435 0.0207783 0.0114513 0.297267
0 0.559801 0.786624 0.0346155 0.0202888 0.294697
0 0.424274 0.729464 0.0858645 0.0652419 0.29362
0 0.0577497 0.497729 0.0341363 0.0145476 0.291142
0 0.868236 0.557984 0.0350737 0.0136318 0.290851
0 0.508036 0.557047 0.0497214 0.0241518 0.289195
0 0.0833963 0.881214 0.0487735 0.0172588 0.287627
0 0.840193 0.497627 0.0574511 0.0227686 0.286038
0 0.919312 0.668553 0.0176293 0.0105477 0.285516
0 0.604486 0.652892 0.0161637 0.0133956 0.282855
0 0.605203 0.51376 0.0545804 0.0254263 0.272741
0 0.581351 0.636494 0.0589687 0.0451202 0.265785
0 0.139462 0.521833 0.0299467 0.0143222 0.265227
0 0.522948 0.933321 0.0292944 0.0196682 0.263097
0 0.0266038 0.74229 0.031516 0.0342661 0.260298
0 0.140787 0.529079 0.0293218 0.00885466 0.257909
0 0.369173 0.591345 0.0262359 0.0147921 0.25395
0 0.19309 0.603934 0.02801 0.0225418 0.25284
0 0.83612 0.812375 0.0310025 0.0117622 0.252053
0 0.882643 0.910686 0.0728036 0.0369428 0.251909
0 0.228324 0.484606 0.0219746 0.0100546 0.250764
