0 0.83145 0.907276 0.18184 0.0907952 0.938295
0 0.215527 0.796262 0.174421 0.0758947 0.92977
0 0.860989 0.641579 0.169287 0.0760427 0.920613
0 0.154682 0.628583 0.0705114 0.0654139 0.905639
0 0.447716 0.686119 0.141929 0.0936658 0.89406
0 0.701765 0.781113 0.139514 0.0567726 0.887078
0 0.0725171 0.777625 0.0994701 0.0983022 0.883553
0 0.0947982 0.607692 0.0580088 0.0369518 0.868722
0 0.619789 0.816192 0.08422 0.0418833 0.86749
0 0.864518 0.563916 0.081933 0.0494146 0.867215
0 0.68564 0.729094 0.102106 0.0626597 0.862311
0 0.298661 0.907539 0.182162 0.0551338 0.855407
0 0.791159 0.73094 0.0437918 0.0196748 0.855312
0 0.373868 0.511676 0.0627894 0.0261862 0.854264
0 0.310342 0.690488 0.0540215 0.0370336 0.850183
0 0.611307 0.669413 0.0912917 0.0671099 0.837632
0 0.796121 0.52915 0.0618029 0.0255206 0.837211
0 0.951601 0.54849 0.0525244 0.0327305 0.833302
0 0.242469 0.614625 0.0843509 0.0401888 0.829549
0 0.517525 0.787041 0.118463 0.045696 0.82088
0 0.836645 0.804419 0.0533958 0.0320022 0.81626
0 0.259452 0.860652 0.0887496 0.0488987 0.816175
0 0.361975 0.738777 0.0490732 0.027026 0.815602
0 0.723106 0.864085 0.0545556 0.0315655 0.810009
0 0.820443 0.42598 0.0406893 0.0279365 0.809294
0 0.802253 0.696519 0.0369692 0.023582 0.806837
0 0.762824 0.960325 0.051989 0.0600693 0.798717
0 0.535527 0.42986 0.0410581 0.0248005 0.798233
0 0.770399 0.806951 0.0431623 0.0386019 0.797698
0 0.620071 0.446772 0.0310681 0.0261517 0.796486
0 0.456483 0.549053 0.0567159 0.0282104 0.792334
0 0.954727 0.889535 0.0845617 0.0746918 0.790591
0 0.294677 0.641968 0.04709 0.0140979 0.781429
0 0.697305 0.514943 0.0816494 0.0380117 0.779069
0 0.44277 0.579247 0.0461554 0.0169233 0.776626
0 0.0563196 0.507853 0.0367362 0.0168923 0.776356
0 0.136461 0.541349 0.0349468 0.0189579 0.77594
0 0.815447 0.756742 0.0565247 0.0413761 0.774138
0 0.177221 0.932687 0.0744962 0.0553326 0.772222
0 0.562157 0.644682 0.0578639 0.0274402 0.770175
0 0.481123 0.37553 0.062707 0.0247969 0.769993
0 0.742353 0.589961 0.0278701 0.024411 0.76326
0 0.35659 0.766116 0.0396186 0.0179121 0.762918
0 0.395472 0.566461 0.0298984 0.0339636 0.758479
0 0.630081 0.946276 0.0969923 0.0450285 0.7552
0 0.413251 0.737644 0.0301821 0.0280195 0.754406
0 0.2224 0.521566 0.0342309 0.0206499 0.751638
0 0.130247 0.598006 0.0367946 0.0245285 0.743489
0 0.770199 0.753521 0.0388486 0.02274 0.742203
0 0.5598 0.726447 0.037516 0.027883 0.740363
0 0.0698221 0.689012 0.0514597 0.020438 0.737055
0 0.0507805 0.573191 0.044198 0.0245777 0.726083
0 0.229332 0.447275 0.0756037 0.0233316 0.721726
0 0.835433 0.591959 0.0470068 0.0156769 0.720297
0 0.53631 0.704235 0.0266772 0.0149618 0.718442
0 0.687967 0.646947 0.108955 0.076458 0.711891
0 0.124303 0.962033 0.178071 0.0759341 0.708334
0 0.348383 0.340163 0.0419721 0.0358848 0.688314
0 0.166714 0.694838 0.193382 0.0864029 0.686296
0 0.940112 0.393398 0.0429857 0.0268047 0.680836
0 0.827336 0.844729 0.0298275 0.0132477 0.6768
0 0.861886 0.734881 0.0577983 0.0395033 0.676676
0 0.490419 0.516731 0.0254419 0.0117853 0.675577
0 0.476122 0.423599 0.0399572 0.0135439 0.674243
0 0.75804 0.628434 0.0276312 0.0269873 0.668018
0 0.861773 0.503156 0.0414097 0.047604 0.664859
0 0.578861 0.748302 0.0298629 0.028326 0.660188
0 0.391376 0.621848 0.0496031 0.0425842 0.651182
0 0.444613 0.945381 0.0359828 0.0192212 0.650948
0 0.924937 0.615825 0.136625 0.0591514 0.65076
0 0.771044 0.466225 0.051381 0.0186272 0.649803
0 0.0409573 0.464276 0.0288768 0.0128025 0.649449
0 0.804243 0.457866 0.0419999 0.0155144 0.646414
0 0.911533 0.480188 0.113578 0.0903427 0.643027
0 0.250108 0.38568 0.0274008 0.0195168 0.637322
0 0.498138 0.665671 0.0452359 0.022713 0.636724
0 0.340824 0.428512 0.0223037 0.018998 0.633855
0 0.243853 0.74003 0.0550725 0.0148174 0.625816
0 0.380076 0.719572 0.0282213 0.0153768 0.620328
0 0.242548 0.483012 0.0768978 0.0422329 0.619353
0 0.326224 0.881344 0.0452047 0.019806 0.610299
0 0.605878 0.849767 0.0601292 0.018318 0.607466
0 0.836457 0.471964 0.028476 0.0186878 0.605375
0 0.0261448 0.659482 0.0491294 0.012251 0.589598
0 0.343505 0.71117 0.0172053 0.0148075 0.587738
0 0.337147 0.403351 0.0211998 0.0157945 0.582657
0 0.467127 0.460394 0.0288112 0.0169038 0.577882
0 0.576402 0.668585 0.0419629 0.0234722 0.566986
0 0.420676 0.692516 0.0492328 0.0221357 0.56493
0 0.555873 0.386084 0.0301116 0.0168497 0.550085
0 0.77277 0.840127 0.0256124 0.0112587 0.538118
0 0.728977 0.570361 0.0248533 0.00906689 0.532391
0 0.475861 0.589778 0.0391312 0.0142095 0.531737
0 0.575877 0.540062 0.0218661 0.0140274 0.520599
0 0.730967 0.419408 0.0193351 0.0132017 0.506535
0 0.657108 0.565815 0.0238073 0.0150032 0.4946
0 0.596092 0.974742 0.0609521 0.0411964 0.485316
0 0.0246419 0.826806 0.0442403 0.024484 0.474392
0 0.860596 0.292163 0.0239798 0.0109478 0.474214
0 0.464861 0.827425 0.0490212 0.0282463 0.465816
0 0.934644 0.841628 0.120356 0.0892183 0.450385
0 0.372605 0.796022 0.100089 0.0358085 0.445524
0 0.615974 0.752135 0.0292419 0.0121208 0.438787
0 0.208094 0.760744 0.0212032 0.0145643 0.432394
0 0.515642 0.80188 0.124202 0.0734836 0.430372
0 0.51558 0.827763 0.0570903 0.0448849 0.42787
0 0.643246 0.37754 0.0255692 0.0111092 0.411641
0 0.414386 0.611171 0.0281955 0.014264 0.397087
0 0.764201 0.672435 0.0300837 0.0151794 0.392715
0 0.838561 0.970682 0.111931 0.0586204 0.387964
0 0.505414 0.972942 0.189457 0.0541159 0.387216
0 0.206633 0.423552 0.0275157 0.0123522 0.386777
0 0.582887 0.620297 0.0245942 0.0106026 0.378302
0 0.623516 0.569134 0.0853323 0.0748131 0.377953
0 0.0952629 0.579507 0.0218765 0.0181887 0.372111
0 0.773401 0.360534 0.0179228 0.0144045 0.364297
0 0.150629 0.507817 0.0256522 0.0101674 0.363463
0 0.0147878 0.877965 0.0295756 0.0203469 0.362375
0 0.882058 0.278182 0.0294924 0.00917593 0.353255
0 0.499304 0.56503 0.0289787 0.00927413 0.349847
0 0.623213 0.58965 0.0844977 0.0362576 0.332878
0 0.354057 0.819008 0.136002 0.0831046 0.321103
0 0.543734 0.857679 0.453114 0.158594 0.320933
0 0.0692806 0.817894 0.0469741 0.0179404 0.310693
0 0.62177 0.739942 0.0261236 0.0121402 0.302605
0 0.923063 0.992457 0.0769911 0.0150864 0.300911
0 0.0534613 0.442788 0.0341384 0.0132555 0.30003
0 0.574079 0.569656 0.0269392 0.0112188 0.297338
0 0.602426 0.627143 0.0186183 0.0137498 0.285432
0 0.599982 0.54035 0.0163438 0.0192011 0.276436
0 0.761679 0.670276 0.0346202 0.0207592 0.274336
0 0.345316 0.828632 0.11455 0.0627173 0.268401
0 0.919876 0.978844 0.0211009 0.0144925 0.263169
0 0.0838279 0.42325 0.0196889 0.0117723 0.255623
