0 0.588129 0.703443 0.113335 0.0283648 0.89191
0 0.383911 0.842936 0.128217 0.0365742 0.881023
0 0.14772 0.743234 0.0434104 0.0188142 0.880206
0 0.634188 0.8798 0.059381 0.0284245 0.867881
0 0.127623 0.846852 0.0817757 0.0281733 0.858114
0 0.523484 0.805332 0.0636707 0.0339947 0.856695
0 0.743673 0.891474 0.0707405 0.0490066 0.853945
0 0.275422 0.816482 0.0472226 0.032135 0.833236
0 0.379747 0.803254 0.0461048 0.0274435 0.832849
0 0.658615 0.770671 0.0420303 0.01526 0.831731
0 0.174719 0.820664 0.0699492 0.0387018 0.82471
0 0.798211 0.643787 0.0601231 0.0394342 0.823651
0 0.0364795 0.734527 0.0707455 0.0342618 0.815724
0 0.356061 0.65653 0.0337198 0.0159077 0.813269
0 0.295651 0.781444 0.0253177 0.0155019 0.812759
0 0.523083 0.767984 0.0544021 0.0233761 0.8047
0 0.853426 0.746306 0.0436156 0.0166286 0.800947
0 0.422278 0.747842 0.0287502 0.0150986 0.79942
0 0.406559 0.615916 0.0417126 0.0169639 0.786532
0 0.0864817 0.73403 0.0355437 0.0205405 0.780218
0 0.973149 0.838782 0.0537023 0.0293324 0.772787
0 0.23277 0.777376 0.0356973 0.0159614 0.772563
0 0.551135 0.866081 0.0369767 0.00975414 0.754913
0 0.403516 0.655594 0.0306024 0.0119564 0.74207
0 0.689254 0.797524 0.058803 0.0233669 0.738643
0 0.248175 0.549737 0.0396062 0.018117 0.715785
0 0.176338 0.640539 0.0387239 0.0130911 0.695411
0 0.0239003 0.53125 0.0295044 0.0118698 0.684626
0 0.817013 0.809522 0.0301448 0.015522 0.678982
0 0.119265 0.768081 0.0224489 0.0119618 0.672553
0 0.558442 0.892669 0.0194842 0.00935484 0.658301
0 0.202257 0.734141 0.0196137 0.0123976 0.647775
0 0.440124 0.732054 0.0215836 0.0124504 0.63502
0 0.959013 0.797731 0.0819731 0.032426 0.597988
0 0.684804 0.500673 0.0304148 0.0163778 0.581545
0 0.262293 0.882078 0.0372258 0.0217579 0.53783
0 0.592981 0.585275 0.0212198 0.0126038 0.501582
0 0.346931 0.520611 0.0314592 0.0104221 0.498007
0 0.969463 0.771258 0.0232119 0.0200265 0.456017
0 0.811919 0.566014 0.0213391 0.00918163 0.445791
0 0.855146 0.702606 0.0273304 0.00862137 0.402066
0 0.730241 0.778354 0.0134647 0.00908167 0.35166
0 0.00943171 0.607729 0.01774 0.01049 0.254533
