0 0.897863 0.663573 0.0819363 0.0759045 0.917412
0 0.484156 0.745351 0.133185 0.0608397 0.911605
0 0.352092 0.725824 0.134773 0.0691061 0.901469
0 0.107312 0.865778 0.103952 0.0541794 0.895541
0 0.0956776 0.748268 0.0805881 0.0358446 0.884969
0 0.842623 0.69926 0.0924857 0.0556823 0.875275
0 0.319357 0.88303 0.0778364 0.0373951 0.874618
0 0.425932 0.843512 0.0940338 0.0396273 0.871039
0 0.799399 0.628844 0.0738287 0.0324084 0.867926
0 0.739625 0.586543 0.0667023 0.0349428 0.867549
0 0.487561 0.530732 0.0435181 0.0193249 0.867517
0 0.574587 0.658923 0.0593995 0.0201941 0.86337
0 0.849578 0.758016 0.187033 0.0787037 0.863369
0 0.698792 0.635897 0.0800792 0.0477375 0.855462
0 0.119773 0.613133 0.062545 0.0345742 0.853834
0 0.654233 0.598132 0.0798216 0.0430269 0.852468
0 0.177468 0.581817 0.0504228 0.0456326 0.8516
0 0.849569 0.602622 0.0611032 0.0291247 0.846578
0 0.620992 0.633802 0.066834 0.0320425 0.844248
0 0.283156 0.584179 0.0696742 0.0563805 0.843417
0 0.202499 0.675085 0.0599454 0.0457623 0.842682
0 0.224318 0.560621 0.0479701 0.0276449 0.839069
0 0.588198 0.891877 0.203968 0.117405 0.838324
0 0.311556 0.61586 0.091902 0.0353979 0.834256
0 0.725332 0.939547 0.0420215 0.0302488 0.828215
0 0.503332 0.59284 0.0465587 0.023246 0.827845
0 0.095895 0.714026 0.0515269 0.0253052 0.827699
0 0.623838 0.540507 0.0313079 0.0350079 0.827687
0 0.312766 0.648821 0.114376 0.0347277 0.827121
0 0.549597 0.521032 0.0801275 0.0328725 0.825807
0 0.465338 0.607989 0.0766786 0.0578734 0.825179
0 0.0639821 0.594007 0.0353642 0.0234667 0.822574
0 0.310059 0.835127 0.0527014 0.0326519 0.820373
0 0.392264 0.603304 0.0474221 0.0390823 0.81926
0 0.660814 0.49725 0.0404979 0.0249819 0.815887
0 0.720897 0.79223 0.0622467 0.0485116 0.813746
0 0.135563 0.552129 0.0472778 0.0305548 0.812384
0 0.365564 0.835923 0.0570669 0.0233973 0.809952
0 0.791828 0.598375 0.0337539 0.0234144 0.80951
0 0.690684 0.551034 0.0828167 0.0365764 0.808988
0 0.063307 0.623425 0.0412731 0.0197103 0.808319
0 0.440237 0.882682 0.0630493 0.0303592 0.80685
0 0.15804 0.469053 0.0584903 0.0207747 0.806196
0 0.655089 0.675565 0.0577614 0.0240473 0.797016
0 0.794802 0.84279 0.0517732 0.0378139 0.794694
0 0.144059 0.90283 0.0284096 0.0174004 0.793399
0 0.361757 0.553672 0.0636855 0.0275875 0.791877
0 0.916242 0.706151 0.0408204 0.0239026 0.789775
0 0.928204 0.596706 0.0555107 0.033513 0.783979
0 0.742212 0.616106 0.0440855 0.0334092 0.782486
0 0.718621 0.866661 0.115764 0.0721604 0.778136
0 0.230457 0.610898 0.0333195 0.0213955 0.775996
0 0.480563 0.652955 0.06827 0.0287623 0.766257
0 0.0407964 0.526241 0.0642039 0.0302344 0.76608
0 0.849872 0.534671 0.0244014 0.0124935 0.765428
0 0.354158 0.509387 0.0239942 0.0157307 0.760833
0 0.59782 0.706459 0.0936619 0.0721805 0.760328
0 0.648006 0.783295 0.0700696 0.0242415 0.756625
0 0.552423 0.811226 0.0865059 0.0528397 0.756362
0 0.625452 0.466087 0.0349077 0.0162114 0.754255
0 0.505636 0.570979 0.0249842 0.0164057 0.752132
0 0.882551 0.591143 0.0259208 0.0145578 0.747601
0 0.512355 0.675675 0.0457045 0.0183165 0.743746
0 0.250605 0.81397 0.0761612 0.0503709 0.739398
0 0.100965 0.789884 0.0492868 0.0359702 0.732003
0 0.665281 0.801972 0.055008 0.0299152 0.730069
0 0.621177 0.693627 0.0518419 0.0432133 0.727647
0 0.875913 0.852635 0.168791 0.0831505 0.724294
0 0.700509 0.699989 0.0637004 0.0452746 0.722749
0 0.478861 0.91562 0.100903 0.0427435 0.720079
0 0.157267 0.521314 0.059123 0.0462249 0.719066
0 0.695565 0.574249 0.0421999 0.0159074 0.718265
0 0.842708 0.571469 0.0239092 0.0168094 0.717183
0 0.741014 0.476428 0.030888 0.02419 0.713747
0 0.429165 0.500933 0.0496514 0.0151772 0.711602
0 0.0773401 0.909871 0.0934187 0.045866 0.710849
0 0.246031 0.685786 0.0391344 0.0349109 0.70344
0 0.455121 0.563549 0.0830318 0.033157 0.701772
0 0.0969734 0.582572 0.06526 0.0219643 0.694407
0 0.377897 0.910429 0.0252927 0.0196918 0.693788
0 0.796543 0.722508 0.0333683 0.0201314 0.693016
0 0.744223 0.74731 0.0565457 0.0296379 0.687932
0 0.267373 0.720752 0.0532411 0.0347347 0.684896
0 0.20113 0.616051 0.0229764 0.012523 0.681139
0 0.953111 0.404197 0.0275675 0.0144619 0.676406
0 0.188029 0.634241 0.0232764 0.0123638 0.672651
0 0.372537 0.806444 0.0596868 0.0326373 0.672258
0 0.306242 0.438061 0.0367874 0.0175886 0.663897
0 0.579195 0.768978 0.0330035 0.0252507 0.662856
0 0.572659 0.635257 0.0297469 0.0201889 0.659848
0 0.964935 0.44436 0.0576583 0.0251165 0.659229
0 0.25536 0.868869 0.0261904 0.0142509 0.658643
0 0.283515 0.674574 0.0282313 0.0162186 0.656942
0 0.975219 0.694223 0.0416041 0.0238544 0.65505
0 0.190931 0.53176 0.0307315 0.0123637 0.650166
0 0.458546 0.688078 0.0250029 0.0253467 0.646668
0 0.320391 0.53015 0.0395076 0.0296063 0.644456
0 0.751915 0.677172 0.0615392 0.0329164 0.642078
0 0.156036 0.682225 0.0472372 0.027243 0.634569
0 0.719598 0.827121 0.0227749 0.0143421 0.630777
0 0.964285 0.874507 0.0407617 0.0172154 0.626623
0 0.198277 0.776976 0.146813 0.102028 0.615529
0 0.326087 0.784818 0.0747127 0.0368094 0.610865
0 0.700589 0.527202 0.0221875 0.0104612 0.60455
0 0.954201 0.663989 0.0433341 0.0509386 0.601568
0 0.61811 0.816583 0.0793278 0.0450154 0.597022
0 0.393545 0.633514 0.0277022 0.013554 0.59642
0 0.839986 0.813597 0.0722067 0.0262388 0.594436
0 0.797368 0.803799 0.0407439 0.0234535 0.59432
0 0.800533 0.924673 0.107462 0.0634128 0.586147
0 0.979961 0.609097 0.0350127 0.0220356 0.585684
0 0.174944 0.878842 0.0229867 0.0203744 0.582535
0 0.910305 0.488475 0.0259149 0.00979158 0.579721
0 0.06267 0.809098 0.0218644 0.0173466 0.576407
0 0.582733 0.773017 0.0402358 0.0344756 0.571416
0 0.525334 0.444939 0.0311577 0.00998752 0.568244
0 0.961478 0.546814 0.0230948 0.0115944 0.566377
0 0.677703 0.741417 0.0755544 0.0560559 0.562431
0 0.100556 0.501112 0.0281428 0.02179 0.549178
0 0.413563 0.669362 0.054916 0.042768 0.530151
0 0.356792 0.464456 0.0594004 0.0132984 0.51666
0 0.557651 0.615863 0.0217812 0.0183846 0.516569
0 0.108314 0.420108 0.0312056 0.0117763 0.513295
0 0.253744 0.53251 0.0255644 0.0196758 0.510142
0 0.0805914 0.466006 0.0261056 0.0134207 0.509011
0 0.413729 0.7827 0.103691 0.0578042 0.506421
0 0.904387 0.466916 0.0199001 0.0112144 0.500266
0 0.108996 0.694944 0.107519 0.033678 0.499481
0 0.736612 0.727308 0.025667 0.0236511 0.49866
0 0.37568 0.496562 0.0180183 0.0093339 0.496842
0 0.130048 0.381414 0.0217456 0.0105542 0.495267
0 0.882028 0.541802 0.0256243 0.00832366 0.494205
0 0.587357 0.783558 0.0296426 0.012712 0.493716
0 0.755382 0.654208 0.0179492 0.0100356 0.488586
0 0.770557 0.541588 0.0758436 0.0441612 0.48374
0 0.988983 0.573348 0.0220341 0.018421 0.474854
0 0.570573 0.599872 0.0793566 0.0481985 0.470424
0 0.572076 0.437231 0.0424623 0.0118548 0.467425
0 0.984223 0.501906 0.0250002 0.0107304 0.463772
0 0.14586 0.716247 0.0232056 0.0158928 0.461069
0 0.254024 0.8993 0.141801 0.0827123 0.45379
0 0.0258664 0.5961 0.0252274 0.0322733 0.452801
0 0.0321215 0.663195 0.0638999 0.0315732 0.451633
0 0.131481 0.836395 0.023611 0.012038 0.451528
0 0.535174 0.628154 0.018892 0.00758495 0.449433
0 0.420886 0.659457 0.0730827 0.0644003 0.448822
0 0.969735 0.492693 0.0182527 0.0127933 0.448419
0 0.555637 0.533942 0.0245915 0.0122276 0.446027
0 0.984509 0.531782 0.0286549 0.0200688 0.445703
0 0.220341 0.420613 0.0311892 0.0092523 0.444365
0 0.59385 0.545602 0.0166878 0.0163443 0.435084
0 0.50456 0.824326 0.13382 0.0844539 0.434193
0 0.940389 0.381098 0.0220073 0.0146318 0.433661
0 0.912719 0.564069 0.0176806 0.0184346 0.425654
0 0.063358 0.474914 0.0237863 0.0221306 0.424352
0 0.742676 0.640253 0.0172239 0.00951136 0.423151
0 0.443923 0.927023 0.0562198 0.0200109 0.42176
0 0.166944 0.841045 0.0496547 0.0193332 0.420198
0 0.452957 0.484862 0.0217217 0.0101927 0.417796
0 0.156436 0.674493 0.0468341 0.0433523 0.411707
0 0.784085 0.501054 0.031741 0.0121594 0.410681
0 0.276716 0.855119 0.0226456 0.0108868 0.406408
0 0.769957 0.898903 0.0559966 0.044653 0.405772
0 0.71209 0.682449 0.0260647 0.0169594 0.403685
0 0.209178 0.860743 0.0502956 0.0263646 0.399408
0 0.173694 0.709785 0.0340943 0.0170837 0.398225
0 0.585133 0.605013 0.0494651 0.0383944 0.397472
0 0.176002 0.841057 0.0762978 0.0200917 0.394
0 0.51618 0.813036 0.15918 0.0593085 0.392854
0 0.09536 0.53726 0.0174261 0.00882302 0.392301
0 0.641524 0.7603 0.0224616 0.0163447 0.379973
0 0.253182 0.51513 0.0201695 0.0125715 0.373827
0 0.262408 0.748163 0.0457152 0.0206043 0.364131
0 0.601884 0.851411 0.0233278 0.0195149 0.363785
0 0.0330807 0.712452 0.06379 0.0517969 0.360658
0 0.0641562 0.78544 0.0282665 0.0195745 0.360444
0 0.809177 0.407115 0.0203422 0.0133644 0.353247
0 0.435508 0.637989 0.0415302 0.0219541 0.349272
0 0.939769 0.693849 0.0186781 0.00956403 0.348669
0 0.702088 0.66513 0.0134861 0.0129379 0.348526
0 0.0168062 0.558634 0.0336123 0.0360838 0.348386
0 0.200638 0.841594 0.0261104 0.015197 0.347183
0 0.746041 0.531836 0.0261384 0.022518 0.341168
0 0.803765 0.455281 0.0344871 0.0127874 0.33829
0 0.788406 0.691007 0.0112696 0.00993078 0.33531
0 0.795918 0.667355 0.025532 0.0149215 0.3313
0 0.47424 0.556697 0.0420145 0.0174709 0.331188
0 0.085582 0.647672 0.019679 0.0098971 0.329539
0 0.614868 0.429459 0.0202434 0.00717859 0.322868
0 0.803416 0.458915 0.0352281 0.0192072 0.316291
0 0.0343966 0.841395 0.0646795 0.0448143 0.316276
0 0.75587 0.403564 0.0268075 0.00952433 0.316211
0 0.080989 0.392313 0.0296757 0.0157277 0.306637
0 0.215116 0.589392 0.0225918 0.0100155 0.305826
0 0.301853 0.763998 0.0369823 0.0127073 0.296506
0 0.0289516 0.600508 0.0206035 0.0308288 0.293418
0 0.768738 0.685067 0.0275139 0.0165178 0.285691
0 0.780325 0.554469 0.0438192 0.0191246 0.284434
0 0.0287699 0.629294 0.0269724 0.0119918 0.279798
0 0.185488 0.905009 0.0474338 0.0294512 0.27826
0 0.0256229 0.783165 0.0499284 0.0300905 0.276793
0 0.643631 0.429527 0.0253694 0.00743354 0.273043
0 0.357602 0.683903 0.0135949 0.0116707 0.268367
0 0.0392969 0.481655 0.0221277 0.0133365 0.267983
0 0.18847 0.907083 0.0542673 0.0371823 0.266033
0 0.847194 0.442172 0.023111 0.0104557 0.263301
0 0.155458 0.931878 0.0731832 0.036068 0.261145
0 0.0207067 0.635237 0.0405325 0.024914 0.26038
0 0.651677 0.409218 0.0225028 0.016243 0.256328
0 0.742985 0.641298 0.021567 0.0104527 0.254913
0 0.0996554 0.691738 0.0941747 0.0305937 0.252784
