0 0.590751 0.492177 0.177428 0.137134 0.973446
0 0.265125 0.652987 0.202559 0.0796111 0.939316
0 0.791774 0.554806 0.127345 0.0805988 0.924039
0 0.464286 0.536474 0.0685248 0.0630922 0.920225
0 0.4321 0.448028 0.0896573 0.0579516 0.916663
0 0.886946 0.646449 0.118516 0.10224 0.91659
0 0.0830892 0.51238 0.130105 0.0829334 0.912944
0 0.681618 0.556254 0.0759127 0.0906255 0.90945
0 0.651266 0.62762 0.240072 0.0921026 0.898145
0 0.170251 0.527045 0.0890044 0.0609245 0.892746
0 0.286724 0.948766 0.233386 0.0926223 0.891946
0 0.708089 0.855446 0.114852 0.0872904 0.890942
0 0.736443 0.473561 0.130425 0.0895533 0.884759
0 0.434276 0.712347 0.171274 0.154442 0.884264
0 0.230967 0.456817 0.210758 0.0591701 0.882733
0 0.359867 0.479033 0.0741559 0.0434744 0.881098
0 0.851391 0.800253 0.129036 0.0493429 0.88074
0 0.458555 0.894745 0.216191 0.121467 0.879686
0 0.233084 0.54693 0.0600289 0.0558256 0.868462
0 0.0702599 0.611852 0.063842 0.040694 0.862225
0 0.102534 0.573993 0.0488693 0.0344686 0.857012
0 0.500175 0.590801 0.060963 0.041233 0.856174
0 0.811234 0.906396 0.140717 0.0635737 0.852825
0 0.857396 0.724583 0.0581984 0.0387212 0.852199
0 0.646731 0.802245 0.0469092 0.0242879 0.852133
0 0.537034 0.804955 0.0587281 0.0278584 0.851081
0 0.618328 0.896922 0.0733406 0.064386 0.83563
0 0.875461 0.840736 0.041973 0.0218994 0.829066
0 0.925588 0.734064 0.101616 0.0589503 0.825334
0 0.875536 0.496997 0.217468 0.137117 0.81837
0 0.904783 0.39865 0.105513 0.04013 0.816763
0 0.605807 0.823943 0.072866 0.0260945 0.805249
0 0.129323 0.921244 0.11424 0.0407067 0.801674
0 0.805965 0.66657 0.0679357 0.028693 0.801411
0 0.828862 0.85702 0.0575933 0.0288524 0.801375
0 0.348739 0.605197 0.188038 0.100974 0.797087
0 0.793115 0.604022 0.0620595 0.0252985 0.784777
0 0.502615 0.846785 0.0783997 0.0327454 0.784333
0 0.592422 0.770991 0.047298 0.0269732 0.781839
0 0.0849407 0.675619 0.158689 0.0979782 0.774947
0 0.119223 0.596306 0.0269399 0.0203194 0.774002
0 0.373503 0.405996 0.0326483 0.0229078 0.753788
0 0.128829 0.883428 0.112026 0.0355613 0.751557
0 0.486882 0.485517 0.0300243 0.0161527 0.726776
0 0.114246 0.445968 0.0306145 0.0330734 0.71952
0 0.483896 0.821081 0.0255989 0.0292778 0.711986
0 0.631685 0.843069 0.0268201 0.013866 0.707044
0 0.56947 0.875199 0.0599517 0.0390202 0.704474
0 0.0819577 0.830966 0.0428326 0.0406547 0.703273
0 0.843322 0.439671 0.0610339 0.0254845 0.7029
0 0.0243252 0.37223 0.0415148 0.0130665 0.689519
0 0.154909 0.620228 0.0302244 0.024992 0.688797
0 0.948545 0.584168 0.0370901 0.022131 0.680158
0 0.171923 0.576334 0.030701 0.0140911 0.653842
0 0.978464 0.414294 0.0418253 0.0198304 0.653075
0 0.057578 0.436471 0.0292573 0.0154478 0.6203
0 0.354437 0.717209 0.0353695 0.0259519 0.618902
0 0.957835 0.37146 0.0252379 0.0131759 0.617756
0 0.744123 0.87559 0.0478572 0.0231385 0.579369
0 0.140956 0.845671 0.0926968 0.0437515 0.578239
0 0.759738 0.413222 0.0286904 0.0175317 0.577844
0 0.414043 0.384587 0.030325 0.0121193 0.573393
0 0.234389 0.816081 0.288413 0.171998 0.571432
0 0.358558 0.441544 0.0268667 0.0139971 0.566897
0 0.753735 0.77825 0.0800708 0.0464939 0.563946
0 0.482418 0.613961 0.029154 0.0121756 0.554671
0 0.349952 0.553026 0.0319518 0.020641 0.50469
0 0.0195514 0.580682 0.0381482 0.0295891 0.498223
0 0.891679 0.942127 0.13095 0.0662014 0.480654
0 0.895035 0.586446 0.0241501 0.0210749 0.477174
0 0.235741 0.721226 0.0239402 0.0145193 0.476819
0 0.69062 0.734218 0.340194 0.1418 0.458568
0 0.466375 0.760528 0.0306301 0.0163168 0.432573
0 0.662742 0.939946 0.128038 0.0717789 0.428066
0 0.890357 0.340863 0.0501549 0.0116803 0.414
0 0.519899 0.397456 0.0354525 0.0179826 0.371582
0 0.426611 0.672445 0.0275216 0.0150854 0.363719
0 0.880848 0.340568 0.0324472 0.0111138 0.354904
0 0.728646 0.895211 0.0233991 0.0106447 0.351133
0 0.200719 0.350979 0.0236161 0.0122699 0.330449
0 0.987855 0.38167 0.0221864 0.0150387 0.308557
0 0.149186 0.42039 0.0225144 0.0137996 0.307883
0 0.933677 0.876494 0.0411225 0.0249553 0.293405
0 0.11566 0.807421 0.0267079 0.0129093 0.29127
0 0.778996 0.380746 0.0206159 0.00971802 0.273233
0 0.537287 0.717411 0.0193278 0.0166024 0.26588
0 0.31679 0.590735 0.123827 0.0615647 0.265669
