0 0.456061 0.799232 0.0728564 0.0335786 0.883326
0 0.752461 0.778779 0.036927 0.016477 0.833424
0 0.544354 0.75925 0.0588524 0.0241644 0.825742
0 0.159369 0.833443 0.0420008 0.0178829 0.810182
0 0.528456 0.837024 0.0745445 0.0147549 0.777343
0 0.25967 0.821885 0.0300816 0.0243664 0.76061
0 0.139233 0.734652 0.0450077 0.0116287 0.754577
0 0.18776 0.754181 0.0641015 0.0227119 0.750815
0 0.714237 0.666643 0.0443005 0.0160171 0.748263
0 0.362876 0.828639 0.0218936 0.0108038 0.74281
0 0.75814 0.819855 0.0248785 0.0086867 0.742206
0 0.117852 0.777206 0.0428915 0.0131406 0.741437
0 0.171577 0.557405 0.0372453 0.0130525 0.696174
0 0.0308431 0.722873 0.026828 0.0159581 0.676781
0 0.0233458 0.688242 0.0302041 0.015677 0.673737
0 0.335086 0.75402 0.0314324 0.0183793 0.662412
0 0.296726 0.792189 0.022463 0.0118965 0.660372
0 0.655441 0.778488 0.0236954 0.0161722 0.633923
0 0.392806 0.838806 0.031786 0.0115066 0.622157
0 0.326099 0.827788 0.027896 0.026022 0.616251
0 0.642434 0.758357 0.0336521 0.00981943 0.575256
0 0.690783 0.836919 0.0243806 0.0116684 0.556702
0 0.615946 0.801364 0.0314429 0.0117772 0.553964
0 0.427133 0.741157 0.0193597 0.0121657 0.547402
0 0.296019 0.82467 0.028286 0.0137042 0.507004
0 0.847345 0.815779 0.024085 0.0122706 0.49521
0 0.979199 0.771892 0.0208966 0.0143726 0.493701
0 0.394739 0.766185 0.0229703 0.0097036 0.484563
0 0.446031 0.863574 0.0351772 0.0262527 0.475347
0 0.087933 0.804944 0.0241817 0.0101932 0.450133
0 0.746203 0.863049 0.0202943 0.00896186 0.440696
0 0.0763838 0.77044 0.0190083 0.00736834 0.438676
0 0.27283 0.837781 0.0272276 0.0123798 0.431652
0 0.283404 0.74699 0.02532 0.009915 0.423782
0 0.342284 0.852972 0.0228469 0.0139042 0.422269
0 0.0946513 0.731809 0.0241358 0.00761 0.414521
0 0.962207 0.654662 0.0242583 0.00991821 0.391624
0 0.320242 0.83961 0.0277562 0.0119007 0.383251
0 0.850032 0.793721 0.0197411 0.00915464 0.381922
0 0.934947 0.821796 0.0205933 0.0103763 0.371103
0 0.219561 0.607189 0.0230878 0.0100796 0.365585
0 0.898636 0.705439 0.0129878 0.00983715 0.353002
0 0.702857 0.628488 0.0188976 0.0112876 0.350216
0 0.354015 0.634519 0.0174802 0.00784804 0.348218
0 0.922881 0.748156 0.0186932 0.0106354 0.333291
0 0.0920519 0.806825 0.033384 0.0146175 0.317128
0 0.558337 0.691413 0.0167354 0.00641918 0.251692
