0 0.15288 0.82951 0.105625 0.0517357 0.898022
0 0.625386 0.814756 0.114267 0.0610426 0.876888
0 0.0570313 0.665438 0.0981608 0.0499821 0.875851
0 0.890875 0.874062 0.131742 0.0605106 0.853124
0 0.480831 0.735096 0.145113 0.0328474 0.850321
0 0.870654 0.777137 0.0436601 0.0299485 0.848166
0 0.0620009 0.743039 0.055818 0.0245281 0.844235
0 0.57062 0.762463 0.0621706 0.0289056 0.843836
0 0.290935 0.592555 0.0427486 0.0182639 0.843039
0 0.944817 0.806479 0.0606895 0.0281248 0.835915
0 0.680397 0.766685 0.0600475 0.0277281 0.834977
0 0.303638 0.821788 0.134752 0.018787 0.832129
0 0.539246 0.834858 0.072141 0.0226208 0.825128
0 0.582052 0.679885 0.0544166 0.0212309 0.822007
0 0.951594 0.725982 0.0914528 0.0209999 0.818419
0 0.278736 0.73919 0.073846 0.0171076 0.811397
0 0.439295 0.691426 0.039423 0.0177334 0.804939
0 0.797178 0.720396 0.0586151 0.0164925 0.803754
0 0.177715 0.641283 0.0370588 0.0256914 0.802663
0 0.243843 0.686464 0.039567 0.0160819 0.800694
0 0.759361 0.793463 0.0335519 0.0205176 0.791162
0 0.68798 0.863795 0.165743 0.0506702 0.780505
0 0.724987 0.580682 0.0425836 0.0131316 0.774648
0 0.768926 0.688889 0.048633 0.0130533 0.774418
0 0.100559 0.705314 0.0320477 0.0121446 0.720545
0 0.982463 0.681558 0.0339454 0.0187401 0.719609
0 0.807035 0.851258 0.0753617 0.041424 0.694964
0 0.134236 0.901003 0.0448196 0.0145081 0.689568
0 0.543066 0.596204 0.0305321 0.0131245 0.686792
0 0.902363 0.83591 0.027316 0.0136738 0.685983
0 0.384496 0.511781 0.0381384 0.0154701 0.685486
0 0.221672 0.583327 0.0243682 0.0126575 0.669021
0 0.432282 0.444807 0.0307415 0.0159035 0.66145
0 0.763973 0.753146 0.0237084 0.00941506 0.62154
0 0.810637 0.593713 0.0290178 0.0135956 0.604412
0 0.380342 0.742852 0.0235056 0.0136793 0.603977
0 0.81306 0.779943 0.0189002 0.0135311 0.601678
0 0.33387 0.614347 0.0351172 0.021784 0.59551
0 0.21184 0.794431 0.018623 0.017552 0.500116
0 0.0370405 0.591054 0.0170366 0.0115496 0.496887
0 0.744518 0.657977 0.0164401 0.0113482 0.424299
0 0.302307 0.886455 0.018922 0.0127285 0.397667
0 0.838493 0.730153 0.0180274 0.0112242 0.387568
0 0.12873 0.653657 0.0191752 0.0104103 0.377698
0 0.345281 0.614745 0.0570075 0.0227056 0.35477
0 0.360428 0.618089 0.0256607 0.0113083 0.337922
0 0.601785 0.583832 0.0172559 0.0102153 0.325557
0 0.814126 0.702757 0.0180059 0.00822523 0.323163
0 0.596333 0.528275 0.0248863 0.00889255 0.319008
0 0.837188 0.780157 0.0151626 0.00975586 0.302945
0 0.402598 0.577942 0.0203107 0.00991618 0.266061
0 0.187364 0.896097 0.0198909 0.00712782 0.251457
