0 0.109149 0.83107 0.101554 0.0596037 0.883669
0 0.68663 0.798062 0.0854926 0.0405794 0.876122
0 0.565448 0.744446 0.0508028 0.0203529 0.863176
0 0.202042 0.798295 0.0584559 0.0271898 0.862891
0 0.374208 0.712136 0.139897 0.0494633 0.860921
0 0.724044 0.732467 0.0748651 0.0374839 0.854759
0 0.391635 0.840026 0.0447661 0.0306372 0.850083
0 0.391184 0.640574 0.0656423 0.0261885 0.847045
0 0.203351 0.761642 0.0672696 0.0262829 0.845641
0 0.570423 0.783822 0.0678204 0.0263591 0.831908
0 0.288649 0.850611 0.104097 0.0473213 0.82872
0 0.178948 0.622248 0.0471069 0.0215362 0.82553
0 0.658195 0.858584 0.0467401 0.0308771 0.816061
0 0.369836 0.776588 0.0411362 0.0189577 0.812054
0 0.246624 0.801092 0.0396686 0.0279244 0.809353
0 0.969389 0.74846 0.0548814 0.0221658 0.802393
0 0.0464827 0.633423 0.048632 0.0132872 0.794548
0 0.464853 0.851539 0.0923797 0.0260143 0.789419
0 0.476762 0.756893 0.0248554 0.0124329 0.760996
0 0.435372 0.752066 0.0274914 0.0195209 0.714478
0 0.0263263 0.814885 0.0495491 0.0294109 0.71413
0 0.605875 0.656136 0.0292775 0.0117441 0.692952
0 0.576681 0.627572 0.0238512 0.0143781 0.691727
0 0.512663 0.704065 0.0235773 0.0188646 0.688195
0 0.915945 0.83127 0.127022 0.0360943 0.684869
0 0.592828 0.803575 0.0370754 0.0133869 0.679888
0 0.980722 0.660447 0.0303831 0.0227499 0.661567
0 0.77313 0.775306 0.0226117 0.0165026 0.661455
0 0.610931 0.626384 0.0316777 0.0115432 0.603879
0 0.27 0.618209 0.0214951 0.00686456 0.539108
0 0.440417 0.633091 0.0184361 0.012833 0.526441
0 0.143101 0.690041 0.0213954 0.011285 0.496092
0 0.904219 0.800946 0.0303448 0.0125743 0.492033
0 0.0164358 0.761993 0.0279907 0.0136622 0.432879
0 0.523874 0.796574 0.0631183 0.0304474 0.418495
0 0.375966 0.540115 0.0215209 0.00896005 0.404254
0 0.360223 0.683192 0.0214807 0.0158178 0.380454
0 0.15723 0.521305 0.0255925 0.0105433 0.37802
0 0.480243 0.782478 0.0344619 0.0293567 0.368755
0 0.317416 0.754705 0.0160802 0.0124636 0.352776
0 0.509804 0.789122 0.0953608 0.0445205 0.335562
0 0.440626 0.789792 0.0146545 0.00720712 0.318033
0 0.679956 0.632256 0.0172813 0.0075161 0.300714
0 0.206811 0.557944 0.017621 0.00739972 0.252942
