0 0.555574 0.687837 0.0900595 0.0447311 0.891547
0 0.601003 0.856498 0.0407707 0.0204072 0.888861
0 0.664002 0.877391 0.0986008 0.0330188 0.872301
0 0.552818 0.727568 0.0746798 0.0329237 0.870788
0 0.736733 0.89335 0.0934244 0.0572014 0.857271
0 0.754166 0.657769 0.0361284 0.0280551 0.856979
0 0.111536 0.808321 0.0607271 0.0278072 0.85059
0 0.488956 0.713137 0.0811211 0.0222182 0.84919
0 0.474871 0.671773 0.0595656 0.0262861 0.848251
0 0.874471 0.605796 0.0365678 0.0235776 0.842676
0 0.625705 0.732132 0.0636462 0.0231833 0.837538
0 0.748264 0.853441 0.0510806 0.0196789 0.830817
0 0.332595 0.915533 0.118898 0.0288456 0.829788
0 0.549621 0.914773 0.0321937 0.0205698 0.824395
0 0.792442 0.922884 0.0900787 0.0551239 0.82365
0 0.482462 0.748371 0.0568546 0.0373855 0.815325
0 0.497578 0.920591 0.057433 0.0284821 0.813375
0 0.833757 0.661016 0.0679062 0.0323277 0.809241
0 0.325114 0.89321 0.0493708 0.0207408 0.807472
0 0.927467 0.774444 0.131723 0.0853263 0.803382
0 0.210685 0.839416 0.0657555 0.0300312 0.803281
0 0.655192 0.665387 0.0317328 0.0150082 0.80323
0 0.93078 0.579474 0.026763 0.0173983 0.800033
0 0.690662 0.818345 0.0447434 0.0232078 0.797627
0 0.522297 0.657652 0.0350085 0.0311717 0.796466
0 0.490602 0.894623 0.0292551 0.0170374 0.796254
0 0.41821 0.900812 0.0324984 0.0234215 0.792509
0 0.185154 0.80636 0.0413034 0.0183903 0.791245
0 0.899093 0.829467 0.036201 0.0215389 0.789919
0 0.787297 0.632353 0.0344867 0.0133188 0.78554
0 0.664269 0.840324 0.0427905 0.0292168 0.784783
0 0.0497688 0.913109 0.0462139 0.0449282 0.784612
0 0.848253 0.558529 0.0516076 0.0223467 0.782857
0 0.561579 0.874735 0.0304456 0.0168018 0.780805
0 0.0773736 0.767013 0.0339495 0.0119216 0.77849
0 0.256448 0.752401 0.0359609 0.020546 0.777868
0 0.255292 0.618674 0.0363956 0.0110163 0.775072
0 0.134546 0.77958 0.0740466 0.0274127 0.771958
0 0.619534 0.669398 0.026736 0.0132817 0.771367
0 0.459494 0.869605 0.0646353 0.0282333 0.76894
0 0.428805 0.621056 0.0365477 0.016736 0.768568
0 0.939886 0.646671 0.0745011 0.0234323 0.765137
0 0.188235 0.769768 0.0570113 0.0281441 0.764092
0 0.16698 0.91823 0.112358 0.054773 0.760933
0 0.0452916 0.785901 0.0845752 0.0217834 0.756335
0 0.657409 0.948254 0.0466742 0.0234226 0.752984
0 0.4018 0.718138 0.0532642 0.0233503 0.751051
0 0.749435 0.82725 0.0293807 0.013356 0.74611
0 0.844568 0.498172 0.0316273 0.0258202 0.745173
0 0.257825 0.692034 0.0307485 0.019671 0.74367
0 0.569024 0.579886 0.0431351 0.0162141 0.743085
0 0.535456 0.612698 0.0338896 0.0159494 0.742846
0 0.234758 0.728724 0.0274805 0.0185707 0.741036
0 0.371745 0.69651 0.0292721 0.0204777 0.739581
0 0.220115 0.581625 0.0833423 0.0239748 0.73205
0 0.86116 0.845294 0.0418542 0.024501 0.726402
0 0.525788 0.778255 0.035947 0.026137 0.717519
0 0.569085 0.762175 0.0422897 0.0157996 0.712569
0 0.865443 0.804983 0.0431418 0.0143299 0.699098
0 0.0878205 0.724039 0.0334748 0.0152674 0.69601
0 0.0498601 0.830994 0.0370527 0.0157265 0.694075
0 0.726754 0.578215 0.0237542 0.0227065 0.692764
0 0.836804 0.608209 0.0334747 0.0165924 0.690197
0 0.753412 0.765203 0.0622523 0.0433232 0.686597
0 0.719375 0.838903 0.0217492 0.0142406 0.683861
0 0.875978 0.69126 0.0434726 0.050285 0.682619
0 0.544227 0.847381 0.033275 0.0151352 0.68007
0 0.940814 0.722176 0.0958752 0.0260815 0.679335
0 0.507738 0.846798 0.0219088 0.015196 0.676866
0 0.771646 0.567786 0.026726 0.0125184 0.675281
0 0.895037 0.871619 0.0625693 0.0219814 0.674558
0 0.884575 0.660931 0.0239332 0.0153945 0.673809
0 0.799267 0.774773 0.0390912 0.0230704 0.667389
0 0.598431 0.541815 0.0267031 0.0122517 0.667031
0 0.10123 0.577721 0.0427286 0.0127383 0.662557
0 0.63931 0.912148 0.0819459 0.0309284 0.659046
0 0.605659 0.770194 0.0346876 0.0202324 0.653092
0 0.365894 0.875206 0.0266244 0.0171474 0.649421
0 0.128043 0.687768 0.101087 0.0241247 0.64895
0 0.782099 0.493899 0.0509329 0.0124524 0.648034
0 0.721337 0.966342 0.0254984 0.0140915 0.644872
0 0.0678609 0.957476 0.0412322 0.0199318 0.644157
0 0.91586 0.464557 0.0306193 0.0158116 0.642684
0 0.793464 0.51174 0.0187178 0.0155613 0.641457
0 0.44401 0.838773 0.0380303 0.0183605 0.640796
0 0.604141 0.938903 0.0602145 0.0159908 0.638099
0 0.620504 0.911636 0.0455754 0.0298811 0.634402
0 0.269476 0.897186 0.0310222 0.00984059 0.634133
0 0.313272 0.87641 0.0392875 0.0232527 0.633217
0 0.953447 0.900892 0.0694588 0.0428303 0.631721
0 0.78927 0.820152 0.0394004 0.0182769 0.630772
0 0.634333 0.646049 0.027819 0.011698 0.624705
0 0.894827 0.852663 0.0219435 0.0117496 0.621126
0 0.741029 0.945652 0.0324433 0.0138195 0.619984
0 0.338773 0.68294 0.0212296 0.00981771 0.615152
0 0.347071 0.804044 0.0274374 0.0230501 0.614128
0 0.841871 0.631495 0.0212832 0.0128353 0.611166
0 0.378841 0.656378 0.0245204 0.0104912 0.610255
0 0.417243 0.748884 0.0581539 0.016824 0.606364
0 0.728936 0.681173 0.0233406 0.0104926 0.605395
0 0.0612425 0.531216 0.0341855 0.0167659 0.60057
0 0.277944 0.96185 0.0323818 0.0142244 0.599489
0 0.880804 0.639653 0.0236758 0.0159592 0.592249
0 0.958819 0.860164 0.0589283 0.0378341 0.590795
0 0.88685 0.569453 0.0355346 0.0296133 0.583921
0 0.587865 0.901872 0.0406476 0.0148968 0.58123
0 0.822454 0.83735 0.0687208 0.0262298 0.57866
0 0.236816 0.770667 0.0199579 0.00954418 0.577305
0 0.498759 0.622385 0.0296152 0.0215158 0.576502
0 0.227171 0.862975 0.0247932 0.0109427 0.576239
0 0.746773 0.527127 0.0252837 0.0172752 0.575342
0 0.184871 0.503412 0.0286962 0.0157646 0.574533
0 0.685877 0.761131 0.093324 0.0293083 0.572617
0 0.929059 0.626568 0.0550251 0.0159626 0.567
0 0.246531 0.798394 0.0649871 0.017288 0.563846
0 0.427577 0.806641 0.0220807 0.00996989 0.563518
0 0.259711 0.65292 0.0242925 0.0137657 0.56077
0 0.439642 0.83922 0.0483335 0.0212168 0.555746
0 0.583187 0.562894 0.034736 0.013462 0.554141
0 0.603138 0.651898 0.0242744 0.0103821 0.553812
0 0.262311 0.861848 0.0315117 0.0101315 0.553667
0 0.695904 0.948866 0.0323496 0.0150707 0.552525
0 0.341167 0.701496 0.031405 0.0152744 0.551976
0 0.510893 0.503602 0.0297803 0.0101604 0.550002
0 0.956963 0.826835 0.0416505 0.0167583 0.547584
0 0.124116 0.511186 0.0454964 0.0200316 0.547161
0 0.134703 0.897042 0.126588 0.0412037 0.546815
0 0.413681 0.646865 0.0304329 0.0261476 0.544594
0 0.438495 0.8139 0.0444324 0.0202423 0.541602
0 0.80143 0.552415 0.0280521 0.00995994 0.540833
0 0.379414 0.790753 0.0655441 0.0268544 0.537798
0 0.926392 0.517929 0.0238223 0.01202 0.535108
0 0.459607 0.546082 0.034935 0.0206222 0.527057
0 0.0907471 0.927102 0.0357058 0.0225725 0.526486
0 0.535018 0.828115 0.0271459 0.0178513 0.525732
0 0.478157 0.952035 0.0710171 0.0363142 0.522224
0 0.514494 0.595031 0.0211921 0.0227402 0.522145
0 0.412373 0.926774 0.0226933 0.0118089 0.519414
0 0.532898 0.957793 0.0761912 0.0290607 0.518916
0 0.859933 0.413222 0.0221885 0.0184216 0.515722
0 0.36291 0.764227 0.0642327 0.0167452 0.514136
0 0.788388 0.816464 0.0423981 0.0281011 0.513641
0 0.15537 0.83167 0.0234431 0.00890082 0.511297
0 0.684847 0.723219 0.0659617 0.0366542 0.509979
0 0.2601 0.605102 0.0216323 0.0127351 0.509937
0 0.651841 0.913516 0.0557245 0.0270737 0.506747
0 0.94021 0.598149 0.032909 0.0102881 0.502485
0 0.774233 0.707134 0.0663722 0.0401159 0.501326
0 0.610754 0.816231 0.0263133 0.00942745 0.493589
0 0.0572956 0.674569 0.0323806 0.0142708 0.493217
0 0.182247 0.861134 0.0344329 0.0120472 0.484172
0 0.448145 0.817877 0.0257698 0.0126468 0.482154
0 0.733533 0.739623 0.0235244 0.0119004 0.480476
0 0.0349605 0.851209 0.0282961 0.014477 0.476298
0 0.423092 0.851784 0.0329508 0.0122301 0.471137
0 0.318506 0.855625 0.0241438 0.0179536 0.465087
0 0.254998 0.67247 0.0251415 0.0134344 0.463895
0 0.352369 0.961364 0.0804148 0.0391308 0.462962
0 0.188578 0.829219 0.0285406 0.0122748 0.460048
0 0.654555 0.804947 0.0582609 0.0379194 0.458971
0 0.03167 0.60138 0.0561103 0.0128008 0.455677
0 0.223661 0.956419 0.0254071 0.0197804 0.453261
0 0.66082 0.913863 0.037663 0.0263094 0.448632
0 0.475948 0.580614 0.0244693 0.0134474 0.445513
0 0.262072 0.798122 0.0341845 0.0169927 0.440708
0 0.777716 0.702417 0.05832 0.030187 0.440668
0 0.366935 0.733911 0.0326726 0.0159439 0.439915
0 0.524801 0.931658 0.019973 0.01236 0.439661
0 0.088525 0.869753 0.0254278 0.0179717 0.438936
0 0.801674 0.965898 0.0460445 0.0251534 0.438806
0 0.819873 0.589026 0.0225145 0.0112443 0.431635
0 0.885434 0.575837 0.0307198 0.0171073 0.429853
0 0.646835 0.778595 0.0392044 0.0193649 0.42472
0 0.121456 0.961762 0.0390319 0.0165696 0.421507
0 0.87143 0.730501 0.0372253 0.022009 0.421051
0 0.435665 0.843244 0.0552829 0.0275997 0.416164
0 0.62217 0.525001 0.0223465 0.0189024 0.416116
0 0.78923 0.757719 0.0196028 0.0140225 0.412948
0 0.234515 0.536981 0.0238175 0.0160849 0.412337
0 0.14457 0.908379 0.150282 0.0630995 0.411056
0 0.204052 0.480494 0.0246922 0.00838537 0.405977
0 0.179562 0.642199 0.0240515 0.00730953 0.399924
0 0.516365 0.808599 0.0148386 0.00842782 0.399763
0 0.625236 0.58157 0.0256391 0.0131153 0.39717
0 0.374708 0.875176 0.0450299 0.0167515 0.395016
0 0.350242 0.616513 0.0191492 0.0123041 0.394665
0 0.590071 0.957061 0.0331116 0.0157539 0.393995
0 0.415788 0.656325 0.0372941 0.0286328 0.391741
0 0.668906 0.560931 0.0267472 0.0187162 0.390271
0 0.831037 0.74902 0.0622055 0.0294172 0.386963
0 0.418603 0.663199 0.0435359 0.0154687 0.385826
0 0.778879 0.958436 0.0258036 0.0115411 0.379075
0 0.895508 0.558649 0.0215711 0.0122114 0.379066
0 0.291347 0.851749 0.0340264 0.0113397 0.378072
0 0.413483 0.663356 0.0317016 0.0139331 0.375786
0 0.749827 0.790464 0.0205861 0.0150628 0.372883
0 0.585225 0.614888 0.0331954 0.0147726 0.37131
0 0.38579 0.770463 0.0233849 0.00951054 0.360853
0 0.0430612 0.61455 0.0246994 0.00846942 0.356444
0 0.084673 0.606287 0.020845 0.00788402 0.354773
0 0.0492668 0.459117 0.0327157 0.0146899 0.352239
0 0.5814 0.822377 0.0219371 0.00933576 0.351168
0 0.687011 0.518046 0.0165617 0.00978317 0.345718
0 0.814965 0.755857 0.0312458 0.0142088 0.344558
0 0.833696 0.948228 0.0377338 0.0271416 0.343828
0 0.71803 0.806666 0.0216656 0.00819354 0.342933
0 0.673317 0.446201 0.0284202 0.0122904 0.338939
0 0.975659 0.600752 0.0232487 0.0124471 0.336719
0 0.0420874 0.481871 0.0257804 0.0100541 0.331738
0 0.360693 0.77828 0.0259872 0.0156348 0.327691
0 0.445485 0.505397 0.014824 0.010317 0.325214
0 0.380067 0.67861 0.0129411 0.0119913 0.322974
0 0.8518 0.782643 0.020752 0.00986699 0.314803
0 0.69117 0.726194 0.0549912 0.0328169 0.313395
0 0.787332 0.721806 0.0199352 0.017399 0.311855
0 0.541298 0.554604 0.0237108 0.0109968 0.311282
0 0.940155 0.604744 0.0329709 0.0239677 0.30149
0 0.295275 0.80717 0.0178623 0.0131423 0.300231
0 0.475136 0.575162 0.0234252 0.0235335 0.300189
0 0.0301873 0.807617 0.0139826 0.0153959 0.298367
0 0.774823 0.806942 0.0147902 0.00978009 0.287047
0 0.462766 0.492185 0.0209468 0.010109 0.28588
0 0.0830831 0.402486 0.0220056 0.0122911 0.28173
0 0.400374 0.590413 0.0210989 0.00838433 0.281541
0 0.863207 0.474123 0.0317369 0.0170202 0.281018
0 0.32139 0.877811 0.0494822 0.031546 0.279371
0 0.692055 0.698823 0.0242333 0.0219352 0.278087
0 0.227745 0.877225 0.0184107 0.00943197 0.277817
0 0.644503 0.687137 0.0193024 0.008033 0.27366
0 0.879472 0.918639 0.0889537 0.0785629 0.272915
0 0.764466 0.438365 0.01975 0.0157534 0.27202
0 0.680021 0.765379 0.0999038 0.0381325 0.267979
0 0.679386 0.893355 0.0275816 0.00980035 0.267633
0 0.991631 0.588576 0.0167381 0.0127528 0.262269
0 0.414873 0.544938 0.0218804 0.0121751 0.256684
0 0.855408 0.474801 0.0473515 0.0182548 0.253618
0 0.229978 0.681206 0.0176999 0.00640715 0.250854
