0 0.342114 0.789076 0.0714695 0.0364493 0.869838
0 0.491676 0.822142 0.0661956 0.0292121 0.856863
0 0.685775 0.681446 0.0362177 0.0209633 0.81241
0 0.483119 0.709586 0.0409794 0.015863 0.790375
0 0.749798 0.784135 0.0360759 0.0155899 0.735085
0 0.293605 0.651104 0.026658 0.01439 0.728971
0 0.179945 0.811783 0.0441496 0.0147533 0.722646
0 0.449258 0.779121 0.0276277 0.0116921 0.715063
0 0.296396 0.683191 0.0331326 0.0126816 0.706452
0 0.200069 0.790717 0.0453945 0.0182901 0.705731
0 0.301629 0.835957 0.03491 0.0126865 0.702809
0 0.662516 0.747697 0.0437525 0.0168955 0.694745
0 0.715788 0.76912 0.0265202 0.0130924 0.679211
0 0.544211 0.799867 0.0302569 0.0163275 0.6715
0 0.432816 0.861288 0.0259093 0.0158527 0.669539
0 0.433704 0.709614 0.0262608 0.0113918 0.666537
0 0.590025 0.606611 0.0381608 0.0101696 0.660244
0 0.243477 0.58012 0.0288061 0.0138373 0.65594
0 0.515064 0.794159 0.0342095 0.0105252 0.648034
0 0.887817 0.73349 0.0382607 0.0153368 0.638829
0 0.327701 0.69539 0.0248504 0.0100342 0.620707
0 0.350446 0.711923 0.0180961 0.0102501 0.617136
0 0.639886 0.762847 0.033668 0.0200649 0.61382
0 0.379999 0.69083 0.0215269 0.0110388 0.5916
0 0.893175 0.83823 0.0583219 0.0195058 0.589435
0 0.520737 0.843092 0.0223591 0.00882912 0.5742
0 0.478962 0.85871 0.0177699 0.015391 0.56463
0 0.819966 0.842922 0.0320131 0.0131018 0.546965
0 0.255623 0.753076 0.0286987 0.0100918 0.543586
0 0.844112 0.679193 0.0257438 0.00862915 0.500493
0 0.323753 0.753195 0.0200505 0.0227866 0.483346
0 0.424507 0.766177 0.0166208 0.0111788 0.478368
0 0.711597 0.601999 0.0273336 0.00994882 0.461544
0 0.97201 0.694137 0.0208724 0.01269 0.445674
0 0.146509 0.585183 0.0636837 0.0159712 0.429483
0 0.610475 0.778644 0.0216847 0.00864963 0.401387
0 0.151097 0.577989 0.0747194 0.0308124 0.39267
0 0.250431 0.624058 0.0216149 0.0150507 0.345663
0 0.518215 0.658 0.0180715 0.00941632 0.330419
0 0.140097 0.741086 0.0147763 0.0111125 0.317934
0 0.0654531 0.651753 0.022235 0.0101386 0.294673
0 0.663535 0.564966 0.020293 0.00921495 0.287123
0 0.150107 0.642661 0.0172869 0.00844098 0.274103
