0 0.777567 0.807873 0.125715 0.0590765 0.871249
0 0.77041 0.922378 0.0703591 0.0351336 0.862801
0 0.380137 0.794331 0.0370054 0.0172663 0.856792
0 0.550929 0.7095 0.0784844 0.027702 0.835533
0 0.906012 0.790708 0.0426065 0.031688 0.831651
0 0.66289 0.585754 0.0503137 0.0179455 0.823114
0 0.832423 0.919547 0.0560073 0.029552 0.81919
0 0.843809 0.776732 0.0650553 0.0219032 0.819087
0 0.210037 0.617165 0.0401235 0.0210692 0.819066
0 0.482037 0.929472 0.0609603 0.0347791 0.818165
0 0.404232 0.924875 0.0979817 0.0462101 0.81315
0 0.224693 0.790127 0.0433329 0.0265331 0.813126
0 0.78142 0.751134 0.0372608 0.0157584 0.804266
0 0.257714 0.835237 0.0465721 0.0185394 0.803047
0 0.689084 0.923186 0.064643 0.0295929 0.80291
0 0.576156 0.944907 0.0414107 0.0124404 0.797819
0 0.576279 0.556865 0.032714 0.0206414 0.797164
0 0.529242 0.583004 0.0438101 0.0199602 0.796808
0 0.706499 0.604703 0.0295667 0.013596 0.794615
0 0.70344 0.67741 0.0375551 0.0186037 0.790588
0 0.887617 0.749015 0.0393404 0.0413386 0.785591
0 0.307813 0.743136 0.0919115 0.0349112 0.780868
0 0.932524 0.715318 0.0836189 0.0343587 0.779719
0 0.598167 0.78301 0.0267716 0.0223576 0.777674
0 0.646765 0.642566 0.0451491 0.0262524 0.777486
0 0.759563 0.865256 0.0443128 0.0202522 0.777194
0 0.337138 0.958814 0.0701388 0.0373394 0.774884
0 0.844486 0.748136 0.0514248 0.0265236 0.772538
0 0.63633 0.763863 0.0348489 0.0293774 0.772533
0 0.0391069 0.802486 0.0470108 0.0301706 0.772237
0 0.688237 0.643289 0.0327051 0.0147739 0.771531
0 0.936606 0.478975 0.0557253 0.0223872 0.770058
0 0.466128 0.833522 0.0319708 0.0114739 0.76898
0 0.400423 0.86701 0.0264625 0.0172737 0.76798
0 0.961773 0.685551 0.053463 0.0340522 0.767234
0 0.945133 0.530869 0.0328732 0.0301383 0.764728
0 0.744332 0.742051 0.0340195 0.0205607 0.763873
0 0.0996043 0.604718 0.0449799 0.0118137 0.762993
0 0.553355 0.88139 0.0563027 0.0308795 0.761929
0 0.886278 0.863588 0.0403727 0.0202778 0.761067
0 0.895927 0.893602 0.0365288 0.0345234 0.760587
0 0.823171 0.708959 0.0581721 0.0307997 0.758027
0 0.87742 0.450005 0.0378995 0.0191424 0.756061
0 0.224311 0.854488 0.0441574 0.0124304 0.752901
0 0.959728 0.602271 0.0658195 0.0265185 0.749544
0 0.244433 0.732159 0.0360259 0.0132385 0.749268
0 0.0398167 0.939792 0.0381853 0.0289963 0.746512
0 0.160814 0.621773 0.0544346 0.0264261 0.746419
0 0.448308 0.582233 0.057261 0.0198158 0.744892
0 0.723049 0.904074 0.0280946 0.0150024 0.742045
0 0.853135 0.618699 0.0394372 0.0298815 0.740193
0 0.788733 0.65314 0.0437248 0.0172588 0.738067
0 0.469676 0.783998 0.0560654 0.0217312 0.736914
0 0.849003 0.880696 0.0534015 0.0164496 0.736405
0 0.0476683 0.728968 0.0273355 0.0100696 0.736157
0 0.308359 0.926217 0.0650662 0.0343618 0.735202
0 0.126507 0.976073 0.0437089 0.0326401 0.734662
0 0.58219 0.53147 0.0487672 0.0221634 0.734126
0 0.0949366 0.795687 0.0649178 0.0217871 0.729092
0 0.915526 0.688096 0.0377054 0.0146169 0.727844
0 0.723126 0.945666 0.0277537 0.0241286 0.725718
0 0.636235 0.937436 0.047728 0.0163463 0.725027
0 0.807469 0.9658 0.0551331 0.0184471 0.724064
0 0.84809 0.855034 0.033538 0.0220827 0.721843
0 0.53415 0.775169 0.0697663 0.0250686 0.721838
0 0.154025 0.87443 0.0612068 0.0246586 0.720911
0 0.966554 0.573394 0.0563743 0.0251199 0.720312
0 0.367146 0.865668 0.0451339 0.0194871 0.718758
0 0.809198 0.574113 0.0400931 0.0337377 0.718216
0 0.649775 0.888839 0.0676025 0.0209566 0.714204
0 0.385097 0.740648 0.0330694 0.0128849 0.712831
0 0.768638 0.516559 0.0297366 0.0196998 0.712062
0 0.640609 0.811353 0.0639508 0.0346903 0.711215
0 0.192703 0.675609 0.0401273 0.0161033 0.711141
0 0.873763 0.585818 0.0397463 0.0150377 0.710961
0 0.72811 0.706402 0.0445732 0.0217344 0.707791
0 0.117809 0.645616 0.0227753 0.0156621 0.702519
0 0.138918 0.774231 0.0631943 0.0255861 0.702062
0 0.976893 0.428137 0.029815 0.0271704 0.701737
0 0.501555 0.565286 0.0367389 0.020331 0.700523
0 0.700855 0.792186 0.0410605 0.0146036 0.700077
0 0.538075 0.738645 0.0566974 0.0171214 0.697834
0 0.491134 0.902937 0.0273765 0.0176558 0.697544
0 0.714305 0.411208 0.0374483 0.0295445 0.696704
0 0.581278 0.658873 0.0343691 0.0165959 0.696154
0 0.609576 0.921823 0.0551829 0.0185322 0.693321
0 0.80323 0.632967 0.0331149 0.0123217 0.693012
0 0.476119 0.763119 0.0431271 0.0157206 0.691326
0 0.668141 0.49729 0.0472955 0.0154405 0.689122
0 0.193415 0.642803 0.0288819 0.0137054 0.688984
0 0.188696 0.830219 0.0546493 0.0355603 0.686793
0 0.565576 0.639254 0.0449036 0.0207632 0.684379
0 0.0974517 0.546508 0.0483979 0.0146559 0.683159
0 0.49624 0.691744 0.0335407 0.0260826 0.681509
0 0.858423 0.508912 0.0563388 0.0194729 0.677949
0 0.74898 0.630338 0.0518784 0.0143408 0.675004
0 0.335969 0.599577 0.0216561 0.0246651 0.672354
0 0.0669475 0.583176 0.0417415 0.0250168 0.668563
0 0.273253 0.776468 0.0469363 0.0158871 0.664429
0 0.61904 0.59143 0.0257974 0.0120242 0.66111
0 0.577114 0.97289 0.0409456 0.0216728 0.659722
0 0.900537 0.54858 0.0189359 0.0155153 0.658003
0 0.359493 0.575648 0.0254867 0.0141453 0.657284
0 0.24658 0.667345 0.0417771 0.0130265 0.657164
0 0.868028 0.563349 0.0362925 0.0202398 0.656132
0 0.133641 0.948624 0.0765594 0.0256602 0.655934
0 0.455526 0.808676 0.0305877 0.0250421 0.655538
0 0.62421 0.852916 0.036153 0.0213125 0.652512
0 0.767593 0.703624 0.0335581 0.0162722 0.652059
0 0.0984009 0.874962 0.0481034 0.0269145 0.64991
0 0.321791 0.469115 0.0240562 0.0156185 0.649148
0 0.714702 0.507186 0.0287386 0.0202528 0.648385
0 0.966072 0.921723 0.0220674 0.0130318 0.645175
0 0.346448 0.84741 0.0314907 0.0108688 0.644968
0 0.0612968 0.922011 0.0295988 0.0144152 0.642452
0 0.310322 0.817121 0.0264323 0.0149454 0.638862
0 0.319328 0.543758 0.0247087 0.0119028 0.629305
0 0.898268 0.503541 0.0315047 0.0129721 0.629019
0 0.342846 0.693336 0.0574061 0.0264008 0.628627
0 0.231631 0.653073 0.0395314 0.0181539 0.628078
0 0.793833 0.50187 0.0217129 0.0122292 0.624861
0 0.135153 0.661355 0.025917 0.0102175 0.624382
0 0.871305 0.934113 0.0244828 0.0141748 0.623464
0 0.293474 0.80648 0.0226774 0.00869448 0.62159
0 0.962713 0.658529 0.0328236 0.0132808 0.620889
0 0.786576 0.68017 0.0299113 0.0228681 0.620874
0 0.199132 0.558298 0.0361633 0.0126012 0.620741
0 0.890962 0.819949 0.0426958 0.0125664 0.618766
0 0.0590967 0.767767 0.09999 0.0237539 0.618605
0 0.526729 0.86257 0.0309147 0.0117605 0.617744
0 0.910544 0.948461 0.0447865 0.0175088 0.617363
0 0.589533 0.870238 0.0325561 0.0247349 0.612471
0 0.51006 0.877818 0.0216846 0.0184739 0.611647
0 0.0805206 0.694174 0.0480688 0.0178209 0.610359
0 0.667261 0.708561 0.0245409 0.0210645 0.608935
0 0.21011 0.539681 0.0351642 0.0206846 0.604839
0 0.923594 0.643218 0.035182 0.0221493 0.603198
0 0.813517 0.682891 0.0207324 0.0202346 0.601931
0 0.71045 0.573163 0.0205781 0.0195761 0.601805
0 0.395219 0.774459 0.027668 0.0146438 0.600957
0 0.20784 0.70506 0.0226965 0.0184918 0.599375
0 0.269551 0.791817 0.020695 0.0106367 0.597905
0 0.0312905 0.583468 0.0274333 0.0236876 0.596466
0 0.947984 0.446983 0.0360317 0.01604 0.596237
0 0.0634493 0.883592 0.0296202 0.0318753 0.59418
0 0.897407 0.666575 0.0840933 0.0264238 0.593562
0 0.710221 0.770153 0.0453886 0.02517 0.59208
0 0.072834 0.70892 0.0304594 0.0134715 0.58501
0 0.512553 0.966641 0.0402886 0.0149662 0.583826
0 0.597381 0.870023 0.0483833 0.0251614 0.583637
0 0.756245 0.673089 0.0384806 0.0280283 0.581773
0 0.859756 0.654916 0.0431382 0.0168598 0.57978
0 0.419649 0.504506 0.0223975 0.0145358 0.578132
0 0.767096 0.96737 0.0277968 0.0180782 0.575725
0 0.168074 0.809633 0.0258224 0.0150528 0.574296
0 0.571201 0.900174 0.0338333 0.0191224 0.571388
0 0.985254 0.906366 0.0294926 0.0137304 0.569338
0 0.103099 0.907183 0.0232772 0.00967611 0.569106
0 0.611302 0.637762 0.0250924 0.0136683 0.565784
0 0.752347 0.539943 0.0200177 0.0107336 0.563555
0 0.645982 0.676349 0.0732128 0.0431816 0.56318
0 0.783651 0.613016 0.0263712 0.0234629 0.558461
0 0.0697401 0.527716 0.0249364 0.0189092 0.556747
0 0.186223 0.948473 0.0417224 0.0266712 0.556736
0 0.896386 0.567896 0.0191353 0.0157845 0.550732
0 0.811742 0.86877 0.0144588 0.0135649 0.549613
0 0.939785 0.779595 0.0170869 0.0197068 0.545152
0 0.016231 0.820115 0.0239191 0.0153179 0.545086
0 0.641207 0.968147 0.0334652 0.0283547 0.541456
0 0.803657 0.522672 0.0244878 0.0156719 0.531295
0 0.560918 0.924336 0.0374167 0.0152687 0.529619
0 0.599635 0.513379 0.0305528 0.0155556 0.528839
0 0.818863 0.843778 0.0214873 0.0103966 0.523965
0 0.831289 0.558617 0.0194931 0.0148399 0.522078
0 0.682942 0.717424 0.015127 0.0100614 0.522002
0 0.467397 0.848501 0.027103 0.0121697 0.521225
0 0.338615 0.529941 0.0234787 0.0118446 0.519416
0 0.682918 0.365682 0.0339392 0.0150516 0.517603
0 0.534878 0.756567 0.0218216 0.00766335 0.514143
0 0.225953 0.757034 0.0162105 0.0138285 0.513208
0 0.147917 0.909468 0.020668 0.0119453 0.506706
0 0.162726 0.896167 0.0180596 0.00912326 0.503362
0 0.146209 0.822765 0.0334929 0.0148371 0.494487
0 0.581311 0.390307 0.0307968 0.0176435 0.492864
0 0.646615 0.566922 0.0178494 0.0116087 0.492845
0 0.43272 0.858766 0.0261188 0.0129494 0.489434
0 0.0847139 0.456477 0.0241458 0.0171274 0.488306
0 0.889458 0.645589 0.0233639 0.0141022 0.484416
0 0.52809 0.895971 0.0327042 0.0109905 0.480941
0 0.982816 0.518939 0.0225532 0.0180814 0.479324
0 0.0364055 0.864539 0.0245919 0.0145563 0.475712
0 0.466333 0.952189 0.0339611 0.0138597 0.472495
0 0.661505 0.79605 0.0254276 0.0124639 0.467864
0 0.89118 0.411906 0.0266442 0.0154756 0.467151
0 0.562809 0.751601 0.0205277 0.0128687 0.464259
0 0.944274 0.505539 0.0206876 0.0102253 0.463542
0 0.592773 0.629688 0.0333314 0.0200355 0.45861
0 0.145491 0.541391 0.0247128 0.0104928 0.458094
0 0.883909 0.846203 0.0149231 0.0087509 0.458089
0 0.906662 0.448684 0.0226437 0.0172236 0.453416
0 0.0716147 0.654256 0.0257436 0.00986269 0.450102
0 0.149368 0.517189 0.0220521 0.00818902 0.446319
0 0.105879 0.919886 0.020226 0.012048 0.440804
0 0.206655 0.893954 0.0567861 0.0150948 0.431975
0 0.560927 0.958446 0.017641 0.0119232 0.431397
0 0.836546 0.429761 0.0316204 0.0101969 0.429776
0 0.427772 0.761982 0.022865 0.0185255 0.429535
0 0.302844 0.842993 0.0233276 0.0109764 0.425
0 0.276882 0.880431 0.0652833 0.0200785 0.42187
0 0.465201 0.553911 0.0212454 0.0143732 0.421637
0 0.125004 0.888909 0.0278085 0.0129414 0.421192
0 0.600222 0.49682 0.0274688 0.0159803 0.42048
0 0.9758 0.783811 0.0356669 0.0213752 0.418619
0 0.182202 0.856712 0.0136157 0.0100758 0.416326
0 0.699974 0.618047 0.0245915 0.0087434 0.412495
0 0.125838 0.742281 0.0139787 0.0088232 0.411833
0 0.117234 0.826061 0.0175361 0.0126946 0.406879
0 0.0220863 0.631007 0.0233285 0.0104515 0.399339
0 0.504264 0.591868 0.0225256 0.00902891 0.396626
0 0.577844 0.614567 0.01482 0.0128569 0.392664
0 0.387507 0.884434 0.0319656 0.00811288 0.389708
0 0.18713 0.787368 0.0266019 0.0106839 0.388128
0 0.243971 0.960563 0.044891 0.0213456 0.385525
0 0.0670016 0.923669 0.0422911 0.0190278 0.384239
0 0.0331329 0.663926 0.0203734 0.0108965 0.383881
0 0.390252 0.535821 0.0313197 0.0156223 0.383244
0 0.195544 0.516524 0.0212042 0.0118183 0.382972
0 0.859976 0.705412 0.0177166 0.0119526 0.381833
0 0.0750676 0.615298 0.0176511 0.0108197 0.381482
0 0.517716 0.83586 0.018106 0.0184656 0.378511
0 0.217099 0.941057 0.0230809 0.0213254 0.371834
0 0.26675 0.8802 0.0460044 0.020965 0.369149
0 0.121816 0.593184 0.023054 0.0108214 0.364879
0 0.719086 0.967695 0.0297014 0.0113874 0.364113
0 0.663684 0.664629 0.0384301 0.0189399 0.361139
0 0.469414 0.526922 0.0227186 0.00977679 0.36109
0 0.653884 0.543 0.0246627 0.0290855 0.359478
0 0.27999 0.486166 0.0205973 0.0139654 0.355492
0 0.671144 0.565918 0.0202259 0.00947112 0.355096
0 0.473809 0.889129 0.0180381 0.00915753 0.355071
0 0.0425318 0.971199 0.081917 0.034124 0.355001
0 0.833605 0.822646 0.0355864 0.0195879 0.354426
0 0.464398 0.641685 0.0465224 0.0145971 0.352238
0 0.556495 0.768236 0.0246706 0.0110416 0.348959
0 0.360471 0.687367 0.023288 0.0140084 0.348802
0 0.0827167 0.679914 0.0202058 0.0106587 0.348313
0 0.06654 0.753575 0.0294894 0.0188647 0.347106
0 0.646157 0.426043 0.0279741 0.0124359 0.346624
0 0.972528 0.452379 0.0295025 0.0124575 0.345081
0 0.574399 0.576089 0.0379383 0.0132234 0.342306
0 0.24914 0.758027 0.0122863 0.00712891 0.337066
0 0.26037 0.53673 0.0225242 0.0167791 0.336023
0 0.698126 0.460573 0.0289741 0.0217636 0.335938
0 0.130441 0.615091 0.0227464 0.011132 0.33223
0 0.15556 0.852633 0.035903 0.0230223 0.328958
0 0.275375 0.953571 0.0194488 0.0137932 0.328352
0 0.318335 0.901048 0.0139288 0.0129788 0.328074
0 0.93958 0.82409 0.0302903 0.0139785 0.326781
0 0.88249 0.365804 0.0183095 0.0124317 0.32585
0 0.0814412 0.929001 0.0142595 0.00727494 0.325783
0 0.302014 0.60299 0.0224687 0.0106404 0.323969
0 0.0637472 0.478228 0.0250642 0.0135237 0.323677
0 0.833092 0.867937 0.0197236 0.00972385 0.321652
0 0.351623 0.894866 0.0250901 0.0212954 0.319944
0 0.386151 0.814231 0.0151027 0.0119922 0.318916
0 0.810172 0.604218 0.0452413 0.0269287 0.314544
0 0.196835 0.945872 0.0607224 0.0323635 0.313646
0 0.157496 0.857289 0.0299731 0.0130756 0.312804
0 0.815579 0.604727 0.0359478 0.023235 0.312492
0 0.339251 0.63 0.0228455 0.0135179 0.312323
0 0.0949211 0.523244 0.0146497 0.0110829 0.310882
0 0.715536 0.513416 0.0320581 0.032188 0.310771
0 0.292989 0.633284 0.0226905 0.0107595 0.310494
0 0.529003 0.522869 0.038553 0.0169843 0.308776
0 0.700023 0.654587 0.026713 0.0100117 0.306382
0 0.0934005 0.954535 0.018917 0.0146034 0.302266
0 0.287415 0.962076 0.0304769 0.0170116 0.29823
0 0.160447 0.7351 0.0126304 0.0106968 0.297731
0 0.884538 0.659744 0.0897412 0.0250487 0.297311
0 0.19544 0.906917 0.0262686 0.0113409 0.296328
0 0.200515 0.655363 0.0203397 0.010231 0.294724
0 0.769347 0.479845 0.0198477 0.0094123 0.294401
0 0.989814 0.491019 0.0171186 0.0185652 0.289741
0 0.139297 0.847545 0.0313238 0.0199471 0.289117
0 0.778032 0.330107 0.0265358 0.0118195 0.286855
0 0.884161 0.623547 0.0147232 0.0122967 0.286065
0 0.0711665 0.853201 0.017749 0.0169746 0.282909
0 0.845536 0.686722 0.0279531 0.013521 0.281543
0 0.307719 0.633847 0.0165838 0.0122748 0.280175
0 0.0483537 0.618671 0.0267127 0.00783655 0.279689
0 0.461865 0.979662 0.0383736 0.022418 0.278515
0 0.859692 0.828574 0.0184645 0.01031 0.277566
0 0.957022 0.898268 0.0203138 0.0130222 0.276765
0 0.287108 0.648196 0.0180905 0.0122818 0.272568
0 0.430938 0.868944 0.0269414 0.00764196 0.272242
0 0.432723 0.413413 0.0198799 0.0108915 0.271193
0 0.637206 0.731897 0.0177547 0.00760331 0.26767
0 0.0849676 0.49476 0.0180301 0.0185953 0.263953
0 0.0279848 0.897369 0.0559695 0.0311202 0.263817
0 0.708399 0.838778 0.0176399 0.0189316 0.262752
