0 0.361968 0.742407 0.0889541 0.0464542 0.902592
0 0.247987 0.839846 0.0410541 0.0171138 0.860076
0 0.862434 0.795946 0.0715165 0.0237396 0.845308
0 0.507823 0.778135 0.0826859 0.0299094 0.844805
0 0.691687 0.845042 0.0620343 0.0198163 0.828093
0 0.485269 0.669134 0.0422198 0.0159851 0.819946
0 0.767025 0.765363 0.0332584 0.0169704 0.781852
0 0.294002 0.792041 0.0361258 0.0128149 0.775402
0 0.693052 0.648069 0.0413002 0.0150727 0.765069
0 0.94747 0.797252 0.0584513 0.0192636 0.762484
0 0.66077 0.712818 0.0441339 0.016386 0.76239
0 0.653163 0.737775 0.032627 0.0162768 0.758786
0 0.422814 0.830678 0.0291567 0.0144869 0.754682
0 0.604833 0.829192 0.0341204 0.0334111 0.753939
0 0.445116 0.694563 0.0305425 0.0127464 0.742992
0 0.71233 0.746548 0.0270736 0.0149471 0.737467
0 0.297989 0.651428 0.0292048 0.0134415 0.733384
0 0.152462 0.842334 0.0451118 0.0235985 0.731888
0 0.446026 0.769143 0.0483634 0.0239742 0.724603
0 0.742629 0.84002 0.0259155 0.0166535 0.70649
0 0.189702 0.772772 0.0394818 0.0158619 0.691495
0 0.0696261 0.822869 0.0365226 0.0201713 0.684374
0 0.170963 0.547691 0.0607134 0.0326059 0.669005
0 0.265217 0.731172 0.0287614 0.00973434 0.668302
0 0.208336 0.754465 0.038704 0.0163962 0.652958
0 0.58173 0.582666 0.0235082 0.0095454 0.619026
0 0.033267 0.819498 0.0325324 0.0112267 0.61699
0 0.323108 0.672245 0.0260286 0.0109051 0.597703
0 0.92082 0.822635 0.0360174 0.0212959 0.586317
0 0.0701898 0.651628 0.0274446 0.0115927 0.579914
0 0.868378 0.760866 0.0195549 0.0218777 0.572204
0 0.250117 0.558282 0.0287131 0.014439 0.560054
0 0.357539 0.680074 0.0162642 0.0109516 0.55291
0 0.513292 0.828683 0.0238746 0.0103716 0.543074
0 0.892044 0.681934 0.021387 0.0111656 0.528333
0 0.706029 0.572273 0.0225983 0.00943219 0.504436
0 0.399912 0.687467 0.0192728 0.0096474 0.463969
0 0.841623 0.83323 0.0532179 0.0226482 0.416606
0 0.825614 0.742111 0.0175104 0.0133799 0.412069
0 0.266698 0.867751 0.0742138 0.0309814 0.402301
0 0.393218 0.646492 0.0216749 0.0106335 0.40201
0 0.625222 0.77441 0.0244745 0.0156021 0.401444
0 0.0509208 0.737652 0.0178505 0.0084913 0.400586
0 0.51915 0.748015 0.0324671 0.0109818 0.380296
0 0.954374 0.614516 0.0164607 0.00704106 0.374939
0 0.137793 0.716694 0.0149708 0.0118767 0.34695
0 0.193532 0.644662 0.021426 0.00880547 0.31947
0 0.955462 0.681378 0.0159466 0.0132267 0.2876
0 0.343623 0.48386 0.019752 0.0090847 0.261591
0 0.770059 0.61514 0.0238454 0.00832501 0.256817
0 0.264502 0.623805 0.0226454 0.0166208 0.254527
