0 0.216051 0.943954 0.0941549 0.0406661 0.899535
0 0.358576 0.906695 0.124499 0.0462155 0.883454
0 0.943461 0.730121 0.047531 0.029702 0.849104
0 0.729218 0.586609 0.0699966 0.0348053 0.847813
0 0.467995 0.884084 0.051373 0.0216391 0.830082
0 0.658119 0.883322 0.0692754 0.0423239 0.823913
0 0.080432 0.609653 0.079266 0.0351559 0.823846
0 0.572121 0.854061 0.0552525 0.0273506 0.815651
0 0.0398447 0.695258 0.072703 0.0226813 0.812696
0 0.662804 0.922493 0.0685852 0.0362745 0.812243
0 0.605185 0.456434 0.0776638 0.0285089 0.809052
0 0.0507992 0.769042 0.0817982 0.0290823 0.807734
0 0.748143 0.951899 0.056507 0.0317999 0.805738
0 0.0956101 0.729961 0.0891717 0.0489212 0.801215
0 0.77479 0.480827 0.0545497 0.0325035 0.799448
0 0.861862 0.446546 0.040735 0.0128796 0.798305
0 0.377327 0.497491 0.0342501 0.0229616 0.796618
0 0.51988 0.860738 0.0604546 0.0635541 0.79484
0 0.631334 0.642902 0.0656091 0.0222481 0.792765
0 0.0684879 0.668452 0.0441553 0.0270537 0.791607
0 0.604062 0.614916 0.0325026 0.0196646 0.791146
0 0.159104 0.570121 0.019787 0.010796 0.789358
0 0.745973 0.729233 0.0681415 0.0333364 0.782995
0 0.164357 0.712077 0.0406925 0.0183396 0.779936
0 0.66568 0.507589 0.0520935 0.0435578 0.778695
0 0.921153 0.423218 0.0263094 0.0258339 0.77676
0 0.585103 0.559517 0.0545011 0.0251355 0.771311
0 0.514156 0.759788 0.0503768 0.0212245 0.770084
0 0.327562 0.817311 0.0498901 0.0189005 0.769346
0 0.253524 0.894069 0.0314061 0.013229 0.7692
0 0.164755 0.498289 0.0472576 0.0197996 0.769176
0 0.26145 0.641894 0.0441504 0.0126198 0.768402
0 0.257492 0.910253 0.0355927 0.0162154 0.768182
0 0.426908 0.940933 0.0601446 0.0281315 0.76556
0 0.912235 0.629516 0.0574356 0.0158574 0.764244
0 0.650852 0.549009 0.0749723 0.034401 0.762167
0 0.190979 0.676478 0.0448304 0.0148755 0.75774
0 0.539077 0.81308 0.0459063 0.0314473 0.756759
0 0.648751 0.745785 0.0427597 0.0175478 0.754008
0 0.56412 0.597935 0.052642 0.0222315 0.752492
0 0.828966 0.598962 0.0289558 0.0142702 0.748295
0 0.177378 0.645327 0.0396672 0.0244493 0.74823
0 0.774584 0.619474 0.0322595 0.0171669 0.747794
0 0.229727 0.977841 0.0605809 0.0197176 0.745124
0 0.445577 0.900099 0.0361246 0.0215502 0.743384
0 0.805614 0.920586 0.0961948 0.0488601 0.741404
0 0.889892 0.393247 0.0315789 0.0188928 0.733581
0 0.942255 0.778935 0.0351236 0.0163065 0.733055
0 0.663331 0.844274 0.0618666 0.0288475 0.730256
0 0.517466 0.573745 0.0309231 0.0164837 0.729342
0 0.37001 0.434991 0.0328103 0.0168836 0.7237
0 0.872393 0.8993 0.0245595 0.0236934 0.723284
0 0.161119 0.944963 0.0489887 0.0330398 0.721509
0 0.130393 0.870955 0.033805 0.0158425 0.717937
0 0.167273 0.606667 0.0597713 0.0229189 0.716415
0 0.219051 0.700538 0.0531913 0.0191266 0.716054
0 0.754024 0.812954 0.0653224 0.0400026 0.71406
0 0.567352 0.418345 0.0264767 0.0277988 0.713005
0 0.49889 0.953561 0.0710524 0.0420656 0.711255
0 0.413295 0.802061 0.0398461 0.0137274 0.710508
0 0.287737 0.683996 0.0342156 0.0104989 0.707861
0 0.256203 0.730257 0.0358623 0.0151985 0.70564
0 0.642646 0.432716 0.0318497 0.0169469 0.703114
0 0.137178 0.778892 0.0614659 0.0137708 0.701867
0 0.920704 0.505374 0.0499941 0.0477808 0.699414
0 0.865014 0.610159 0.0526383 0.0255779 0.698067
0 0.503003 0.779251 0.0967841 0.0204311 0.697599
0 0.182159 0.90714 0.0294119 0.0175316 0.696588
0 0.501791 0.510052 0.0427678 0.0185054 0.691728
0 0.453811 0.684018 0.0386654 0.0195552 0.689406
0 0.182707 0.452151 0.0268553 0.0123135 0.687111
0 0.48949 0.664073 0.0417183 0.011304 0.68473
0 0.515326 0.913448 0.0434269 0.0152268 0.682371
0 0.266706 0.565423 0.0324819 0.0153295 0.680507
0 0.970305 0.87919 0.0470166 0.02563 0.679614
0 0.982819 0.803261 0.0323622 0.01614 0.679167
0 0.76257 0.689753 0.0240147 0.0167568 0.676927
0 0.0789255 0.829748 0.0290136 0.0229961 0.676889
0 0.678814 0.43658 0.0300008 0.0200598 0.676711
0 0.352728 0.859375 0.0252788 0.012859 0.675848
0 0.699231 0.667768 0.0216003 0.0109749 0.675599
0 0.120176 0.897587 0.0751038 0.0296007 0.675261
0 0.565367 0.678318 0.0285739 0.0196741 0.671279
0 0.0539206 0.429985 0.0429667 0.0147237 0.668983
0 0.0873182 0.952922 0.0532515 0.0449432 0.668855
0 0.110065 0.554819 0.0238211 0.0213522 0.665362
0 0.969676 0.668883 0.0404064 0.0156065 0.665248
0 0.860162 0.789611 0.0266721 0.0112509 0.662223
0 0.49218 0.420334 0.0336128 0.0134503 0.661959
0 0.373008 0.936548 0.0405707 0.0229214 0.661007
0 0.21278 0.562526 0.0262108 0.0161508 0.655927
0 0.316937 0.635122 0.0288764 0.0160076 0.652513
0 0.224636 0.903557 0.0229854 0.0137957 0.65224
0 0.688492 0.806398 0.0663329 0.0307077 0.652096
0 0.445772 0.751001 0.0561849 0.0186592 0.650313
0 0.922194 0.933627 0.0290228 0.0150628 0.648957
0 0.714872 0.843061 0.0273608 0.0199955 0.64602
0 0.325823 0.976018 0.0487773 0.026242 0.644376
0 0.558239 0.752375 0.0342202 0.0107982 0.643564
0 0.904536 0.903987 0.030626 0.0121402 0.641843
0 0.737764 0.445609 0.0394702 0.018692 0.641138
0 0.607604 0.723704 0.029347 0.0148419 0.638107
0 0.328466 0.56684 0.0375646 0.0217876 0.63714
0 0.439929 0.71913 0.0667489 0.0157971 0.633376
0 0.77067 0.884509 0.0263411 0.0150234 0.627528
0 0.814678 0.524373 0.0392123 0.021471 0.627061
0 0.802005 0.830233 0.0280313 0.0180994 0.626615
0 0.331675 0.94197 0.0300588 0.0203367 0.625975
0 0.217181 0.610814 0.0308463 0.013151 0.623078
0 0.807851 0.965809 0.0238702 0.0152241 0.622473
0 0.713393 0.967007 0.0382931 0.0163349 0.621877
0 0.575631 0.490252 0.0291806 0.0133621 0.620718
0 0.554376 0.734169 0.020347 0.00976065 0.620224
0 0.748151 0.847158 0.0213953 0.0119209 0.618752
0 0.0612078 0.641078 0.0269503 0.0142462 0.615873
0 0.162307 0.740165 0.0187047 0.00912561 0.615091
0 0.597138 0.395049 0.0541339 0.0148027 0.614935
0 0.395305 0.833271 0.0354386 0.0106418 0.613174
0 0.251916 0.418222 0.0252515 0.015938 0.613036
0 0.952907 0.915455 0.0544761 0.0182445 0.609736
0 0.433224 0.414976 0.0410067 0.0201571 0.607117
0 0.770185 0.456443 0.0292711 0.0146326 0.607109
0 0.541392 0.697199 0.0410827 0.014916 0.607062
0 0.984469 0.697035 0.0241085 0.0106061 0.60564
0 0.176174 0.76162 0.0293652 0.017329 0.604046
0 0.972483 0.397162 0.034241 0.0152045 0.603128
0 0.945655 0.863401 0.0284914 0.0133896 0.602893
0 0.114822 0.833762 0.0331819 0.0124187 0.600399
0 0.524581 0.736582 0.0259241 0.0146359 0.600191
0 0.543623 0.934647 0.0329639 0.0169546 0.598748
0 0.961584 0.916216 0.0711371 0.0208115 0.598061
0 0.909672 0.82269 0.0299057 0.0211336 0.591798
0 0.701085 0.465256 0.0609667 0.0148817 0.590483
0 0.171795 0.481014 0.0303954 0.0162882 0.590382
0 0.736939 0.757201 0.0390358 0.0268593 0.589964
0 0.203563 0.791389 0.0904667 0.0248906 0.589558
0 0.692316 0.706205 0.0377822 0.0226968 0.587641
0 0.546203 0.543701 0.024144 0.0104404 0.587365
0 0.0474362 0.931594 0.0508622 0.0191904 0.584822
0 0.10129 0.419593 0.0349529 0.0123885 0.583704
0 0.637152 0.616521 0.0183194 0.0134062 0.582784
0 0.735992 0.498043 0.0373959 0.013789 0.57843
0 0.779528 0.721597 0.0519372 0.0239235 0.577402
0 0.677944 0.727564 0.0220781 0.0187447 0.577173
0 0.116451 0.850748 0.0363233 0.0210346 0.576641
0 0.884163 0.710778 0.0312268 0.0177911 0.575568
0 0.785449 0.515669 0.0212746 0.0115894 0.575196
0 0.0252514 0.610073 0.0332355 0.0177618 0.572738
0 0.315937 0.793837 0.0222449 0.0172588 0.572527
0 0.561815 0.956916 0.0429772 0.0176911 0.570059
0 0.268556 0.604321 0.0346169 0.0234493 0.568928
0 0.901131 0.459469 0.0245264 0.0145306 0.564304
0 0.950126 0.63716 0.0373931 0.0145271 0.564261
0 0.894302 0.690342 0.0342333 0.0126999 0.561887
0 0.850528 0.564013 0.036752 0.0176909 0.561422
0 0.420824 0.431255 0.0173726 0.00960788 0.558497
0 0.163492 0.534493 0.0293257 0.0135901 0.557792
0 0.414819 0.862325 0.0408597 0.0236927 0.55542
0 0.775969 0.848636 0.032529 0.0115073 0.5495
0 0.810373 0.414622 0.0407225 0.0145638 0.54729
0 0.242699 0.433742 0.027445 0.0107708 0.545286
0 0.72303 0.670365 0.0186175 0.00913086 0.542741
0 0.859076 0.839195 0.070601 0.0153133 0.54145
0 0.023475 0.827318 0.0440596 0.0238716 0.539478
0 0.119245 0.53594 0.0288977 0.0133572 0.538589
0 0.715723 0.4304 0.0263233 0.0123075 0.537761
0 0.0515116 0.893494 0.0382451 0.0164432 0.536137
0 0.299806 0.609785 0.0329672 0.0254114 0.532425
0 0.846133 0.408617 0.0319633 0.0103567 0.531448
0 0.847908 0.759224 0.0436509 0.0242519 0.530537
0 0.72728 0.879698 0.0615349 0.0279602 0.530326
0 0.880502 0.924312 0.0374923 0.0163086 0.527757
0 0.748976 0.668715 0.0296277 0.0108462 0.524342
0 0.283435 0.978312 0.0248509 0.0130039 0.524235
0 0.310842 0.487942 0.0281275 0.0143497 0.521932
0 0.946556 0.957182 0.0252478 0.0116966 0.520512
0 0.346285 0.608293 0.0641171 0.0284674 0.519738
0 0.84889 0.700055 0.0512833 0.0187435 0.515396
0 0.231356 0.63237 0.0156422 0.00741943 0.515278
0 0.654291 0.711574 0.0209764 0.0143329 0.513552
0 0.815513 0.457526 0.0205458 0.0163526 0.513256
0 0.40835 0.443428 0.0349091 0.0144332 0.513104
0 0.7869 0.75634 0.0668452 0.0250679 0.510673
0 0.961458 0.54632 0.032786 0.0167095 0.507384
0 0.785726 0.723504 0.0376114 0.0204598 0.506857
0 0.599421 0.595381 0.0177732 0.00656585 0.50647
0 0.257623 0.866087 0.0168798 0.00903067 0.505363
0 0.912431 0.952834 0.0428619 0.0143981 0.50339
0 0.843768 0.672646 0.0412551 0.0264589 0.501523
0 0.0509455 0.624361 0.027044 0.0150121 0.499997
0 0.0860335 0.865207 0.0497103 0.0298756 0.496509
0 0.0573023 0.724343 0.0452219 0.0283933 0.496404
0 0.202538 0.527345 0.0166812 0.0153358 0.495736
0 0.170801 0.585052 0.0266792 0.00997694 0.495306
0 0.874738 0.491265 0.0299322 0.0149169 0.493441
0 0.657953 0.7818 0.0431369 0.0143992 0.491957
0 0.149148 0.969357 0.0267057 0.0145095 0.491601
0 0.285907 0.867767 0.0200029 0.00840911 0.491252
0 0.13195 0.68788 0.0237237 0.00967597 0.491252
0 0.208051 0.781604 0.0213699 0.0126034 0.489635
0 0.637024 0.94322 0.037318 0.0137181 0.486847
0 0.146114 0.767053 0.0231885 0.00852159 0.485664
0 0.837055 0.80505 0.0154083 0.0119251 0.478583
0 0.810311 0.63506 0.0206155 0.0121745 0.475205
0 0.594401 0.864755 0.0222438 0.0122421 0.472534
0 0.846712 0.73259 0.0290062 0.0103279 0.470836
0 0.985378 0.626293 0.02605 0.0194239 0.470689
0 0.879907 0.602862 0.0257542 0.0121452 0.470303
0 0.345199 0.691792 0.0215727 0.0112081 0.468714
0 0.0341191 0.674063 0.0241533 0.0131941 0.465511
0 0.223065 0.886677 0.0149283 0.010971 0.460409
0 0.478754 0.81594 0.0222696 0.027415 0.457965
0 0.813658 0.791054 0.0280068 0.0114912 0.454322
0 0.70763 0.758039 0.0215873 0.0120604 0.453813
0 0.628135 0.973162 0.034719 0.0235229 0.45352
0 0.325406 0.545695 0.0213672 0.0187752 0.452448
0 0.124394 0.931508 0.0151478 0.0087254 0.451978
0 0.941927 0.567731 0.0385036 0.0237692 0.448553
0 0.579843 0.502979 0.0235381 0.00846042 0.448083
0 0.664223 0.583708 0.0170337 0.0101095 0.445722
0 0.0806986 0.919165 0.0206476 0.0130125 0.445047
0 0.836312 0.753449 0.0260084 0.0138914 0.444969
0 0.899499 0.744212 0.0327075 0.0235786 0.443392
0 0.605533 0.824416 0.0366275 0.0133234 0.439558
0 0.979077 0.599782 0.0346558 0.0162872 0.434902
0 0.358945 0.615598 0.0361649 0.0132727 0.434892
0 0.625916 0.758744 0.0181057 0.0118547 0.434746
0 0.729182 0.538361 0.0221596 0.0122964 0.432598
0 0.478059 0.930971 0.0377577 0.0182947 0.431419
0 0.866155 0.647432 0.0302431 0.0147625 0.430067
0 0.249541 0.618514 0.0146905 0.0135871 0.429905
0 0.541373 0.633354 0.0240344 0.0124943 0.429703
0 0.384145 0.369517 0.0272011 0.0187311 0.428307
0 0.911707 0.793617 0.0247721 0.0236523 0.422561
0 0.801456 0.835888 0.0327824 0.0299 0.421425
0 0.598055 0.909065 0.0327985 0.0260097 0.41855
0 0.556119 0.713326 0.0283592 0.0211346 0.417415
0 0.648334 0.8189 0.0286918 0.0154754 0.417111
0 0.118236 0.804541 0.0249759 0.023467 0.416974
0 0.855734 0.981716 0.0251568 0.0113598 0.416454
0 0.682242 0.654381 0.0340765 0.0163242 0.415815
0 0.445423 0.630959 0.019749 0.00817772 0.413619
0 0.041189 0.547747 0.0340329 0.0180241 0.41205
0 0.979023 0.595299 0.035062 0.0254082 0.411907
0 0.398808 0.72206 0.026607 0.0125935 0.410319
0 0.306981 0.508784 0.0216158 0.0150109 0.409515
0 0.872539 0.539585 0.0275625 0.0131453 0.409266
0 0.274398 0.852118 0.0280428 0.00948369 0.406894
0 0.101616 0.658301 0.0245201 0.00895205 0.405795
0 0.37898 0.542492 0.0178514 0.0103411 0.404733
0 0.7392 0.610147 0.0167717 0.00823536 0.401501
0 0.350923 0.490126 0.0171721 0.0102943 0.401238
0 0.325884 0.837421 0.0354497 0.0216938 0.40082
0 0.348215 0.660954 0.0221965 0.0117225 0.398785
0 0.237833 0.822158 0.0314611 0.0165705 0.395433
0 0.985599 0.491257 0.0288016 0.0336141 0.395385
0 0.282249 0.663459 0.0347738 0.013327 0.393283
0 0.541539 0.645832 0.0233337 0.00810158 0.393046
0 0.175236 0.978469 0.0460872 0.0243292 0.391974
0 0.590087 0.973649 0.0435575 0.0213734 0.39081
0 0.553038 0.717517 0.0297931 0.019663 0.390583
0 0.0498144 0.840662 0.0176254 0.0172661 0.38813
0 0.826949 0.864319 0.0721051 0.0307461 0.387584
0 0.835501 0.69702 0.0753629 0.0248375 0.385782
0 0.956368 0.840822 0.0735127 0.025695 0.385472
0 0.157721 0.52183 0.0260062 0.0102049 0.385403
0 0.857605 0.955981 0.0375036 0.0220256 0.384109
0 0.0582415 0.495367 0.0493876 0.0258274 0.381512
0 0.601701 0.516057 0.0231129 0.0150659 0.381405
0 0.0839945 0.570849 0.0232904 0.0110926 0.380284
0 0.309808 0.694399 0.018347 0.00909311 0.380201
0 0.0617821 0.791045 0.0303199 0.0178773 0.37999
0 0.333731 0.493156 0.0160352 0.00991523 0.375473
0 0.355279 0.956538 0.0218979 0.00719736 0.375085
0 0.76576 0.922745 0.0186433 0.0135565 0.373037
0 0.0966129 0.811766 0.0178367 0.0100141 0.372037
0 0.364603 0.388344 0.0311015 0.0117528 0.371907
0 0.111046 0.919091 0.0358795 0.0131737 0.371679
0 0.387986 0.96399 0.020754 0.00802454 0.371498
0 0.854104 0.761635 0.0309037 0.0192889 0.371413
0 0.0328685 0.647061 0.0252489 0.0183456 0.371084
0 0.507386 0.543459 0.0237806 0.0120676 0.369469
0 0.811144 0.707855 0.0158939 0.00769242 0.365743
0 0.780838 0.636953 0.0287199 0.0121462 0.365601
0 0.343137 0.634346 0.0152134 0.00816022 0.363881
0 0.954269 0.644396 0.0293584 0.0101298 0.36105
0 0.876928 0.431492 0.018907 0.00879291 0.36063
0 0.692308 0.772402 0.019987 0.0132769 0.359792
0 0.794776 0.568945 0.0162154 0.00586986 0.358662
0 0.953556 0.520391 0.0249872 0.0124826 0.357962
0 0.412451 0.781653 0.0325765 0.00952347 0.357538
0 0.920233 0.45412 0.019747 0.0122192 0.356762
0 0.144713 0.648562 0.0310571 0.0115256 0.356305
0 0.743048 0.765514 0.0284806 0.0103468 0.35552
0 0.267392 0.515019 0.0139556 0.00838664 0.354338
0 0.950157 0.823479 0.0362381 0.0109597 0.353299
0 0.775635 0.758599 0.0436577 0.0124948 0.353086
0 0.464948 0.749885 0.020537 0.0162608 0.351051
0 0.485082 0.584946 0.0322665 0.00986079 0.349096
0 0.465928 0.38068 0.0205388 0.0138423 0.347103
