0 0.824868 0.734843 0.0794657 0.0662693 0.93735
0 0.168143 0.792109 0.162469 0.0489092 0.903916
0 0.835058 0.81155 0.239843 0.0513022 0.898776
0 0.347803 0.685002 0.106464 0.0340809 0.898606
0 0.702318 0.767938 0.0819438 0.0371173 0.884896
0 0.426454 0.791701 0.0952134 0.0504628 0.865961
0 0.296816 0.814449 0.0902422 0.0298097 0.86556
0 0.668646 0.820421 0.0355866 0.0434672 0.860641
0 0.399967 0.590541 0.0661681 0.0316527 0.85828
0 0.279286 0.781156 0.0656615 0.0358837 0.855414
0 0.68763 0.680886 0.0815286 0.0338623 0.852175
0 0.564874 0.759607 0.11524 0.0266598 0.833498
0 0.60731 0.829146 0.0365101 0.0192319 0.830101
0 0.206487 0.584314 0.046689 0.0221522 0.826519
0 0.76161 0.758421 0.0333018 0.0224553 0.826037
0 0.601698 0.740704 0.0588544 0.0209564 0.825747
0 0.576002 0.678513 0.0496783 0.0210538 0.820423
0 0.214605 0.722894 0.0631211 0.0205648 0.818482
0 0.141726 0.759271 0.0712382 0.0338181 0.806342
0 0.960884 0.699339 0.0690376 0.0393944 0.800538
0 0.289944 0.753969 0.0433301 0.0132978 0.792549
0 0.976632 0.733311 0.0397183 0.0187764 0.787697
0 0.214497 0.82943 0.032495 0.0280251 0.778646
0 0.633339 0.795693 0.0345718 0.0170009 0.770385
0 0.0252585 0.763419 0.050517 0.0338715 0.752239
0 0.441541 0.717719 0.0260567 0.0204857 0.739162
0 0.0598897 0.742747 0.0293982 0.0149435 0.721439
0 0.654703 0.863795 0.0212968 0.0148563 0.710534
0 0.376106 0.767495 0.0389973 0.0285031 0.688454
0 0.59345 0.568782 0.0286523 0.0140375 0.685962
0 0.576094 0.591572 0.0286515 0.0127625 0.684909
0 0.320418 0.642473 0.0390474 0.0203808 0.679489
0 0.469875 0.815799 0.0301209 0.0158587 0.650484
0 0.0312161 0.833942 0.0613576 0.0303343 0.63972
0 0.480812 0.726819 0.0254143 0.0122227 0.631618
0 0.607714 0.611254 0.0281383 0.0117807 0.564886
0 0.163631 0.632273 0.0204892 0.0136864 0.557113
0 0.51207 0.684214 0.0183214 0.0102894 0.542211
0 0.254127 0.844057 0.0194342 0.00970233 0.537813
0 0.246388 0.595945 0.0202693 0.0116604 0.533667
0 0.0678902 0.600197 0.0431506 0.0140821 0.515229
0 0.397793 0.503399 0.0256337 0.00904455 0.474938
0 0.086093 0.563254 0.018857 0.0106546 0.467218
0 0.503614 0.823188 0.02569 0.0221757 0.459519
0 0.417753 0.620049 0.0200885 0.0102188 0.44094
0 0.476518 0.762902 0.0159361 0.00957339 0.411359
0 0.522714 0.81019 0.0174012 0.00687599 0.38922
0 0.983417 0.767873 0.0295716 0.0254757 0.343064
0 0.502746 0.841632 0.174187 0.05499 0.339395
0 0.327331 0.642976 0.0508249 0.0178974 0.282188
