0 0.497421 0.898333 0.0527085 0.0306442 0.851989
0 0.5064 0.732544 0.0435223 0.0190504 0.839182
0 0.878022 0.87892 0.037267 0.019992 0.838042
0 0.342394 0.881023 0.0343038 0.0172174 0.836349
0 0.839143 0.846293 0.0556778 0.0179402 0.782994
0 0.295243 0.720436 0.0300193 0.0152876 0.777762
0 0.251655 0.888032 0.0475807 0.0255718 0.768042
0 0.635988 0.873931 0.0364777 0.0174026 0.74952
0 0.233837 0.78595 0.0263656 0.013781 0.72817
0 0.15653 0.624397 0.032394 0.0156504 0.715609
0 0.669002 0.826164 0.0386626 0.0144199 0.715486
0 0.749161 0.695473 0.0286181 0.0138154 0.711804
0 0.117023 0.879014 0.0257432 0.0117958 0.694409
0 0.634085 0.853577 0.0395313 0.0110424 0.694305
0 0.408255 0.849635 0.0245093 0.0209435 0.684082
0 0.489512 0.769658 0.0266129 0.0102183 0.678423
0 0.623394 0.746648 0.0262982 0.0104078 0.663136
0 0.142184 0.837597 0.0381148 0.0119481 0.653484
0 0.53184 0.596971 0.0492006 0.0137429 0.648404
0 0.486548 0.781073 0.0285065 0.0100542 0.64469
0 0.255513 0.67389 0.0285895 0.0131576 0.63734
0 0.290471 0.891942 0.0201385 0.012204 0.608801
0 0.299668 0.861659 0.0282034 0.0119985 0.596057
0 0.483766 0.697136 0.0368754 0.0153389 0.592761
0 0.453834 0.720748 0.0271804 0.0130265 0.588138
0 0.299178 0.528516 0.036036 0.012641 0.587372
0 0.543572 0.927922 0.0390175 0.0114626 0.579289
0 0.754033 0.665773 0.0262474 0.0117798 0.566513
0 0.953186 0.812097 0.050551 0.0129013 0.56181
0 0.739151 0.808406 0.0178292 0.0154293 0.557204
0 0.614618 0.913911 0.0460194 0.0174995 0.551373
0 0.104895 0.626057 0.0334136 0.0202535 0.518258
0 0.851463 0.73301 0.0222453 0.00996663 0.499004
0 0.896019 0.816561 0.0184109 0.00987504 0.475741
0 0.148875 0.796848 0.0296786 0.016343 0.457936
0 0.013232 0.702708 0.0219 0.0134762 0.454518
0 0.905701 0.871559 0.0247653 0.0125524 0.446573
0 0.661514 0.839742 0.0243141 0.00791115 0.361205
0 0.306899 0.615562 0.0159783 0.0101377 0.345482
0 0.306797 0.804979 0.0225314 0.00711552 0.340568
0 0.179125 0.756694 0.0180113 0.00799674 0.340109
0 0.843376 0.897765 0.0318779 0.00913619 0.31497
0 0.843371 0.754055 0.0201134 0.00769441 0.289165
0 0.980286 0.715362 0.0228585 0.00770684 0.281639
0 0.699224 0.737117 0.0148048 0.00964591 0.268187
