0 0.671981 0.891759 0.0664194 0.0416332 0.884361
0 0.743493 0.79302 0.105308 0.0495161 0.882798
0 0.170787 0.816023 0.0757378 0.030716 0.881193
0 0.402013 0.830234 0.125362 0.037986 0.869052
0 0.678108 0.689202 0.0839845 0.0319824 0.864523
0 0.874908 0.851236 0.100234 0.0400033 0.863081
0 0.0446976 0.836048 0.0507548 0.0288411 0.847429
0 0.229727 0.709435 0.0584064 0.0355646 0.845277
0 0.382116 0.684576 0.0560454 0.0254577 0.843296
0 0.661721 0.847602 0.0565727 0.0368477 0.842987
0 0.187577 0.853081 0.0391701 0.0157048 0.836377
0 0.465572 0.851497 0.0573796 0.0274851 0.825876
0 0.250332 0.657259 0.050918 0.0207985 0.817483
0 0.359875 0.909986 0.0468457 0.018438 0.815483
0 0.603952 0.599806 0.0597803 0.031796 0.810838
0 0.407892 0.800139 0.0503149 0.0209341 0.80099
0 0.622822 0.807372 0.0483893 0.0181614 0.797741
0 0.124405 0.686627 0.0353648 0.0209401 0.7826
0 0.816495 0.650301 0.049953 0.0211588 0.779895
0 0.0672465 0.727347 0.0583616 0.0226676 0.776618
0 0.815828 0.715849 0.0381143 0.0202114 0.766935
0 0.566868 0.634357 0.0447569 0.0158894 0.763853
0 0.7358 0.877028 0.0265864 0.01791 0.754671
0 0.174035 0.767346 0.030193 0.0369197 0.753087
0 0.673926 0.799816 0.0401087 0.0179582 0.752176
0 0.101977 0.670493 0.0588338 0.0133168 0.74678
0 0.959525 0.833322 0.0721266 0.062188 0.742487
0 0.436794 0.72021 0.029943 0.016882 0.741348
0 0.97173 0.674483 0.0425556 0.0215534 0.736914
0 0.549683 0.70661 0.0316271 0.0124055 0.728964
0 0.814566 0.758927 0.0265183 0.0123808 0.707089
0 0.529676 0.676156 0.0218053 0.0152855 0.661371
0 0.879666 0.632502 0.0229591 0.0126765 0.634541
0 0.718267 0.61701 0.0297968 0.0159882 0.612047
0 0.0169081 0.679197 0.0299018 0.0159531 0.608313
0 0.193262 0.885986 0.0200618 0.0134884 0.58656
0 0.325026 0.859019 0.0596566 0.0367456 0.584941
0 0.0842461 0.563919 0.0251667 0.0095322 0.579725
0 0.204102 0.671315 0.025026 0.0122244 0.556793
0 0.6038 0.851896 0.0231639 0.0150129 0.515663
0 0.326167 0.86467 0.0590128 0.0251061 0.501144
0 0.326421 0.486918 0.0288956 0.0173516 0.453467
0 0.378089 0.521997 0.0185672 0.0120453 0.44096
0 0.272841 0.886743 0.0200726 0.0135677 0.384279
0 0.24243 0.779039 0.0217064 0.0159181 0.368436
0 0.470463 0.64688 0.0157676 0.0105795 0.344858
0 0.416355 0.632083 0.0209991 0.00813305 0.323342
0 0.311665 0.848001 0.0309651 0.014654 0.32274
0 0.420839 0.591957 0.0166685 0.00821737 0.296764
0 0.425906 0.553773 0.0163555 0.00956362 0.29653
0 0.467825 0.589002 0.0164019 0.0109734 0.261162
