0 0.822008 0.655471 0.0621811 0.0301789 0.879226
0 0.863057 0.763858 0.113492 0.0257541 0.87707
0 0.44433 0.689374 0.0964133 0.0325754 0.874265
0 0.409773 0.608059 0.0613848 0.0304068 0.860961
0 0.258438 0.612944 0.0652803 0.0197466 0.849138
0 0.579338 0.592811 0.0714756 0.0221153 0.847321
0 0.75298 0.890167 0.0595177 0.0344254 0.84534
0 0.137403 0.586702 0.0791096 0.0264147 0.845109
0 0.0357547 0.625233 0.0654725 0.0535215 0.84365
0 0.495793 0.668872 0.0426762 0.0258149 0.843357
0 0.48971 0.720614 0.0480021 0.054127 0.840284
0 0.733768 0.669272 0.136847 0.0655846 0.833437
0 0.791759 0.726076 0.0985729 0.0488403 0.833332
0 0.939361 0.506131 0.0448873 0.0309747 0.831256
0 0.812714 0.926155 0.0865763 0.0507405 0.830128
0 0.376479 0.639179 0.0644725 0.0226566 0.828165
0 0.835859 0.470708 0.0411708 0.0238438 0.825024
0 0.118439 0.832958 0.0600675 0.0236149 0.821252
0 0.244691 0.560055 0.0429865 0.0246044 0.819169
0 0.855957 0.427549 0.0426529 0.0143898 0.810832
0 0.849 0.497467 0.0799464 0.0418255 0.808927
0 0.332027 0.852922 0.0515812 0.0350937 0.808075
0 0.566781 0.728576 0.0510397 0.0326075 0.805798
0 0.591369 0.656872 0.0743599 0.0340424 0.804564
0 0.278256 0.579462 0.0895985 0.03474 0.802792
0 0.665725 0.639661 0.0311157 0.0224068 0.802256
0 0.148438 0.888571 0.11492 0.0676818 0.801338
0 0.634029 0.621571 0.0441972 0.0250778 0.799813
0 0.502157 0.935263 0.0656673 0.0346104 0.79837
0 0.835814 0.792504 0.0777335 0.0471007 0.79732
0 0.188317 0.584521 0.0259112 0.0139365 0.795842
0 0.799337 0.838433 0.172072 0.0607212 0.794403
0 0.339747 0.519969 0.0271406 0.0189303 0.793128
0 0.261135 0.861347 0.0539997 0.0298508 0.792235
0 0.376636 0.890305 0.172964 0.0604546 0.788517
0 0.101585 0.743796 0.0436787 0.0572136 0.788346
0 0.254745 0.676917 0.114516 0.0483682 0.787391
0 0.142799 0.702339 0.0273625 0.0162109 0.787111
0 0.155763 0.682602 0.049689 0.0173658 0.783141
0 0.399815 0.769358 0.118708 0.0479675 0.782678
0 0.617728 0.508607 0.0425831 0.0340858 0.782487
0 0.445599 0.726875 0.0374718 0.0182429 0.782068
0 0.718655 0.528762 0.0491986 0.0552597 0.780728
0 0.569117 0.790919 0.0410802 0.0362038 0.777142
0 0.455515 0.617907 0.037026 0.0189371 0.774853
0 0.25973 0.896831 0.0476164 0.0455221 0.773469
0 0.413983 0.565338 0.0310499 0.0288047 0.773125
0 0.338119 0.600495 0.0898511 0.0398257 0.772651
0 0.481269 0.569991 0.0482205 0.0360321 0.771391
0 0.405666 0.84612 0.0548583 0.0353161 0.768183
0 0.799607 0.487435 0.0223821 0.0188768 0.768003
0 0.0967667 0.885868 0.0441779 0.0196453 0.766021
0 0.20889 0.613636 0.0279938 0.019054 0.758435
0 0.19361 0.922238 0.0666 0.0396091 0.758407
0 0.97274 0.504043 0.0313701 0.017228 0.757685
0 0.761425 0.77741 0.0744157 0.0379303 0.755977
0 0.910768 0.420703 0.0491623 0.0318519 0.755148
0 0.536669 0.7196 0.0348002 0.0177347 0.755017
0 0.198654 0.6481 0.0885316 0.0586431 0.754842
0 0.391956 0.81048 0.0548517 0.0208427 0.754659
0 0.632661 0.679366 0.0575576 0.0286886 0.753759
0 0.540775 0.546072 0.0413891 0.0286381 0.753041
0 0.560841 0.681092 0.0780593 0.025944 0.752756
0 0.29987 0.733654 0.0424528 0.0269455 0.745813
0 0.692594 0.826062 0.101502 0.0769989 0.744584
0 0.246536 0.720186 0.068475 0.0397209 0.742273
0 0.734429 0.628844 0.0570855 0.0265358 0.740629
0 0.917601 0.631059 0.024452 0.0172936 0.733863
0 0.7899 0.584797 0.0352066 0.027095 0.733043
0 0.941013 0.645257 0.0333198 0.0165448 0.731374
0 0.938761 0.829688 0.0760229 0.0589298 0.729416
0 0.855075 0.613429 0.0664643 0.0380571 0.729037
0 0.576681 0.835545 0.1281 0.0544155 0.727436
0 0.9671 0.355046 0.0390099 0.0221153 0.726519
0 0.912852 0.790493 0.0376973 0.0226269 0.721863
0 0.0396746 0.878614 0.0628969 0.0269918 0.72154
0 0.366655 0.735611 0.0403462 0.0155075 0.720688
0 0.447976 0.848592 0.0335812 0.0190654 0.719611
0 0.243748 0.814518 0.0708672 0.0309132 0.717543
0 0.274713 0.945243 0.0687444 0.0332436 0.71417
0 0.404993 0.721104 0.0330727 0.0239775 0.713696
0 0.758221 0.555215 0.0471436 0.0251173 0.712716
0 0.0286501 0.507425 0.0215038 0.0113468 0.707323
0 0.375774 0.671157 0.0231767 0.010312 0.704963
0 0.173513 0.560074 0.0346879 0.0122178 0.704369
0 0.310476 0.538758 0.0442247 0.0208833 0.703699
0 0.191947 0.776884 0.145223 0.0880876 0.70042
0 0.932741 0.467338 0.0516645 0.03817 0.695283
0 0.474844 0.81222 0.0874812 0.0356431 0.69454
0 0.901419 0.578505 0.124916 0.0573126 0.689932
0 0.460354 0.648027 0.0784621 0.0481201 0.689348
0 0.146963 0.651436 0.025384 0.0135654 0.685813
0 0.661631 0.726579 0.0313878 0.0135025 0.685655
0 0.371992 0.547759 0.0507665 0.0180948 0.683773
0 0.783814 0.471086 0.0327494 0.0122385 0.681404
0 0.614298 0.548946 0.0462246 0.0302567 0.679928
0 0.79805 0.623714 0.0538317 0.0348005 0.678566
0 0.288153 0.798488 0.0346703 0.0164646 0.678248
0 0.913041 0.876995 0.0976135 0.0720569 0.674699
0 0.537486 0.647347 0.0272447 0.0177764 0.67354
0 0.508675 0.786775 0.0872312 0.0358225 0.672511
0 0.366073 0.695209 0.0757827 0.0363694 0.670041
0 0.852956 0.734542 0.0172643 0.0193618 0.666097
0 0.527222 0.519024 0.0292067 0.0116562 0.664164
0 0.333666 0.809845 0.0423013 0.0211573 0.66058
0 0.0666737 0.78809 0.0563868 0.0339816 0.660252
0 0.339164 0.929837 0.0860315 0.0229939 0.6555
0 0.873475 0.632627 0.0420812 0.0196034 0.655269
0 0.106976 0.617799 0.0214874 0.0142719 0.654528
0 0.694406 0.603112 0.053313 0.0177919 0.651897
0 0.281712 0.779019 0.0242742 0.0173504 0.647328
0 0.695781 0.572347 0.0793355 0.0454352 0.642902
0 0.563302 0.499047 0.0632319 0.0250809 0.642897
0 0.490073 0.759518 0.0527693 0.0297966 0.642067
0 0.297406 0.83139 0.0858809 0.0241112 0.640542
0 0.357894 0.96536 0.056754 0.0278446 0.635862
0 0.701579 0.872625 0.039771 0.019068 0.633818
0 0.0960815 0.641418 0.0893007 0.038863 0.632935
0 0.324122 0.645433 0.0220263 0.0155678 0.630376
0 0.575124 0.526842 0.0266332 0.0157665 0.629181
0 0.637154 0.743254 0.0752385 0.0224168 0.628231
0 0.331638 0.732805 0.0251524 0.018326 0.62767
0 0.980178 0.390332 0.0281234 0.0167367 0.625287
0 0.487689 0.594275 0.046713 0.0145302 0.62498
0 0.417964 0.94863 0.0878342 0.0564365 0.623041
0 0.590755 0.709125 0.0406233 0.0178838 0.621373
0 0.814341 0.532187 0.036719 0.0271204 0.620424
0 0.462194 0.920371 0.0558301 0.0300259 0.620057
0 0.529653 0.618001 0.0650706 0.0346559 0.615683
0 0.449552 0.56374 0.0261689 0.0177717 0.614209
0 0.602164 0.796178 0.0338995 0.0289312 0.611176
0 0.769617 0.943957 0.0671102 0.041124 0.608978
0 0.703852 0.92672 0.0290624 0.0238209 0.60662
0 0.150073 0.623801 0.0203395 0.0154043 0.604127
0 0.360536 0.655961 0.0209263 0.0148666 0.598436
0 0.914699 0.728646 0.0845541 0.0259862 0.59591
0 0.514916 0.490622 0.032101 0.0230424 0.59472
0 0.896027 0.398052 0.0227005 0.0114699 0.593595
0 0.674997 0.939932 0.0515907 0.0275953 0.592274
0 0.64869 0.602674 0.0232118 0.0242706 0.586293
0 0.22198 0.790863 0.0387464 0.0205508 0.582826
0 0.893568 0.463898 0.0183774 0.0175171 0.574995
0 0.952265 0.409172 0.0759583 0.0468712 0.572508
0 0.877415 0.545004 0.0172704 0.0124951 0.571736
0 0.574853 0.479045 0.0300068 0.0147446 0.559346
0 0.670747 0.507281 0.072362 0.0283532 0.556499
0 0.361947 0.818681 0.0274604 0.0109672 0.55637
0 0.396625 0.53208 0.0267318 0.0119337 0.554191
0 0.379545 0.830203 0.0366076 0.0124954 0.549281
0 0.658842 0.508737 0.0474824 0.0266338 0.547017
0 0.259256 0.785664 0.0239897 0.0154156 0.542589
0 0.627472 0.767776 0.0980107 0.0282279 0.541149
0 0.812341 0.872688 0.0619223 0.0357135 0.537251
0 0.427039 0.816026 0.019648 0.0155318 0.532236
0 0.794921 0.75663 0.0288854 0.00918086 0.531997
0 0.0691657 0.690246 0.075835 0.0265556 0.526866
0 0.103718 0.706241 0.0147017 0.00905848 0.514494
0 0.0930312 0.797242 0.0268159 0.0187851 0.511703
0 0.574204 0.549645 0.0280866 0.0241834 0.509182
0 0.977611 0.793049 0.0421143 0.0153556 0.507721
0 0.482075 0.861504 0.042543 0.0520828 0.502668
0 0.14824 0.470689 0.0344878 0.0167887 0.498931
0 0.107678 0.671532 0.0182651 0.00951538 0.496794
0 0.949283 0.686603 0.0305004 0.0157836 0.496545
0 0.904118 0.677869 0.0377497 0.0265716 0.496082
0 0.330513 0.67562 0.0330092 0.0206855 0.492244
0 0.915836 0.70458 0.0578902 0.0280964 0.492073
0 0.774188 0.488971 0.0179333 0.0162972 0.49009
0 0.600096 0.94571 0.0985782 0.0500471 0.483503
0 0.939609 0.441052 0.0188732 0.0107403 0.482813
0 0.0801302 0.489434 0.0226873 0.0143553 0.479442
0 0.396025 0.583428 0.0185686 0.0134478 0.476132
0 0.906567 0.528857 0.0187077 0.0105309 0.475714
0 0.53114 0.752116 0.0155924 0.0118193 0.474641
0 0.853036 0.53762 0.0205214 0.0141748 0.473863
0 0.449767 0.496654 0.0320539 0.0236622 0.4707
0 0.0350195 0.77688 0.0231509 0.0186338 0.462259
0 0.551807 0.887589 0.0457153 0.0408699 0.457765
0 0.260318 0.520883 0.0212539 0.0104479 0.455701
0 0.975462 0.637406 0.0490768 0.0393324 0.455597
0 0.515449 0.890019 0.0402064 0.0244411 0.454221
0 0.973607 0.469654 0.0263216 0.0136723 0.453989
0 0.112533 0.422081 0.0314359 0.0158165 0.451149
0 0.0530738 0.666854 0.0248209 0.0170858 0.449229
0 0.0160807 0.697395 0.0283846 0.0157202 0.448547
0 0.433898 0.906697 0.0266392 0.0128838 0.448461
0 0.0907175 0.601245 0.0268513 0.0214157 0.447965
0 0.216583 0.891887 0.0435928 0.0235773 0.439795
0 0.206501 0.845579 0.0559854 0.0350655 0.433911
0 0.363474 0.941795 0.0493923 0.0199604 0.433815
0 0.409108 0.475989 0.0291679 0.0119821 0.429743
0 0.677096 0.483578 0.0290634 0.0167899 0.428576
0 0.0425424 0.6857 0.027748 0.013163 0.426283
0 0.163796 0.827577 0.0225464 0.00965829 0.424351
0 0.219305 0.845421 0.0823353 0.0350367 0.418589
0 0.0849841 0.81498 0.0184285 0.0144497 0.418195
0 0.534935 0.89012 0.0790423 0.0457188 0.41257
0 0.213234 0.58634 0.0188069 0.0104944 0.411517
0 0.870617 0.683609 0.0468223 0.0822794 0.407041
0 0.806652 0.558037 0.0445174 0.0244921 0.399613
0 0.971902 0.834307 0.0243495 0.0157746 0.397921
0 0.0390137 0.666802 0.0532118 0.0203359 0.392625
0 0.140382 0.670653 0.0153774 0.00776711 0.392235
0 0.759776 0.769996 0.0781673 0.0541371 0.391858
0 0.953987 0.679979 0.0402053 0.0297715 0.391554
0 0.721234 0.453414 0.0207466 0.0153925 0.391347
0 0.955827 0.669887 0.0354793 0.0124078 0.391338
0 0.0689426 0.724268 0.0388875 0.0196978 0.390557
0 0.576668 0.52151 0.0293506 0.0269179 0.390444
0 0.742486 0.954322 0.0264197 0.0184331 0.388824
0 0.621422 0.715765 0.0166786 0.0154968 0.386176
0 0.808626 0.450648 0.0323813 0.0132647 0.384356
0 0.752768 0.482549 0.0128021 0.00905264 0.383587
0 0.0715637 0.630943 0.0311917 0.00832976 0.377812
0 0.0748662 0.831509 0.0251558 0.0140669 0.37585
0 0.880092 0.5109 0.0307548 0.0154702 0.372599
0 0.0818255 0.690057 0.0511233 0.0275624 0.369419
0 0.669003 0.905205 0.0859071 0.0389258 0.364055
0 0.486666 0.846395 0.0363261 0.0207176 0.363114
0 0.764257 0.445364 0.0186883 0.00820181 0.362136
0 0.31581 0.498273 0.0287699 0.013151 0.357025
0 0.971578 0.576273 0.0568448 0.0313982 0.355353
0 0.207975 0.539064 0.019921 0.0105906 0.352822
0 0.552186 0.92611 0.029653 0.0211319 0.352036
0 0.489761 0.72908 0.0454405 0.0390411 0.351447
0 0.293049 0.482453 0.0172912 0.0142874 0.349773
0 0.525697 0.577173 0.0171885 0.018632 0.348899
0 0.728589 0.747532 0.0448182 0.028595 0.345547
0 0.943446 0.632803 0.0225044 0.0108136 0.344864
0 0.694051 0.753799 0.0418146 0.052215 0.34058
0 0.0316358 0.601219 0.0177695 0.0182871 0.333725
0 0.592772 0.905605 0.035217 0.0307067 0.333555
0 0.969845 0.540421 0.0226005 0.0117767 0.33022
0 0.370371 0.468039 0.0260486 0.0137528 0.325931
0 0.976592 0.713998 0.0299516 0.0186272 0.324912
0 0.322329 0.759111 0.0562434 0.031758 0.324227
0 0.014297 0.717346 0.0279121 0.0180433 0.320399
0 0.811648 0.558553 0.0319974 0.0229285 0.310908
0 0.540534 0.958042 0.0213557 0.0248513 0.308652
0 0.48 0.871483 0.0377363 0.0334812 0.307154
0 0.690225 0.510891 0.0341554 0.0185753 0.306475
0 0.135885 0.447869 0.021686 0.00994132 0.301684
0 0.179504 0.529287 0.0167225 0.0171154 0.299922
0 0.987472 0.814216 0.0250567 0.0230967 0.299147
0 0.618622 0.857711 0.0780682 0.0343241 0.298468
0 0.500941 0.823734 0.0421835 0.0141384 0.297627
0 0.990561 0.479287 0.0188785 0.0118013 0.296248
0 0.947119 0.464546 0.07714 0.0360758 0.294097
0 0.456025 0.659316 0.0685393 0.0252619 0.293473
0 0.302729 0.757584 0.0276112 0.0250515 0.290452
0 0.910152 0.337027 0.0207845 0.00994597 0.289581
0 0.892567 0.805629 0.0278683 0.015685 0.287734
0 0.0565769 0.706463 0.0173048 0.00744321 0.283204
0 0.689634 0.513855 0.0300977 0.0122759 0.282988
0 0.195084 0.953309 0.0656885 0.0210747 0.282615
0 0.37426 0.50278 0.0163246 0.0107853 0.281134
0 0.988079 0.444776 0.0181411 0.0128676 0.280252
0 0.128356 0.930384 0.0571913 0.0238307 0.280215
0 0.953931 0.601264 0.0313127 0.024869 0.276622
0 0.27277 0.494061 0.0229175 0.0125859 0.268478
0 0.65232 0.603735 0.0314939 0.0260286 0.268263
0 0.501896 0.639436 0.0211263 0.0164566 0.266994
0 0.594401 0.715701 0.0471595 0.0320459 0.263514
0 0.719065 0.489529 0.0218452 0.0116978 0.263503
0 0.0538291 0.836598 0.104217 0.0589066 0.26338
0 0.915721 0.698933 0.0583279 0.0405749 0.259663
0 0.568697 0.91601 0.0291469 0.0141229 0.255674
0 0.548058 0.63475 0.0255863 0.00963212 0.255307
0 0.785632 0.519184 0.0160162 0.0100865 0.253445
0 0.743067 0.464925 0.0138995 0.0109154 0.253358
0 0.874664 0.664015 0.0432048 0.0429798 0.250315
