0 0.376018 0.93097 0.0831721 0.0482784 0.886223
0 0.944339 0.6127 0.0715881 0.0383249 0.883137
0 0.721868 0.919744 0.146091 0.0661647 0.882536
0 0.310668 0.856815 0.0705777 0.0446296 0.880243
0 0.699989 0.759804 0.0655125 0.0558649 0.868369
0 0.0494749 0.733837 0.0560775 0.0367897 0.86223
0 0.576494 0.804249 0.0492687 0.0337702 0.861485
0 0.888668 0.633649 0.0617624 0.0357779 0.856887
0 0.239084 0.726256 0.117995 0.0230433 0.849192
0 0.702504 0.6472 0.034745 0.0198891 0.84628
0 0.853732 0.717669 0.092886 0.0301184 0.84537
0 0.506141 0.681461 0.0376787 0.0325643 0.844049
0 0.427971 0.76381 0.0520634 0.0267563 0.8415
0 0.838606 0.629175 0.0611135 0.0275686 0.838593
0 0.515812 0.759533 0.0586704 0.0192008 0.830325
0 0.783389 0.774503 0.0366205 0.0161129 0.825981
0 0.928621 0.794961 0.0806605 0.0399932 0.825191
0 0.215487 0.912778 0.0448575 0.0304565 0.819997
0 0.421466 0.863891 0.111274 0.0561317 0.818552
0 0.894781 0.830529 0.0549955 0.0276432 0.811275
0 0.867899 0.88145 0.0725122 0.0358238 0.807377
0 0.830682 0.835438 0.0510282 0.0275299 0.804072
0 0.645989 0.724404 0.0528542 0.0244936 0.803049
0 0.272573 0.902809 0.0693485 0.0243735 0.802119
0 0.782693 0.737219 0.0704951 0.026964 0.801049
0 0.671341 0.80037 0.0657856 0.0370511 0.800011
0 0.269793 0.837008 0.0498158 0.034935 0.799304
0 0.137592 0.896705 0.063035 0.0323973 0.790431
0 0.313381 0.620308 0.0435058 0.0164274 0.790177
0 0.826274 0.518772 0.0260158 0.0176942 0.788162
0 0.926109 0.527422 0.0381643 0.0162558 0.783236
0 0.591397 0.470097 0.0336437 0.0181939 0.776977
0 0.638401 0.676241 0.0508159 0.0260584 0.77645
0 0.95562 0.727144 0.0371631 0.0241098 0.775731
0 0.660911 0.577011 0.0784074 0.027554 0.772033
0 0.500882 0.783707 0.0544386 0.0184129 0.766368
0 0.333872 0.658075 0.0345197 0.0166451 0.764724
0 0.612108 0.626994 0.0470323 0.0255486 0.764309
0 0.917186 0.755459 0.0641135 0.0367615 0.763035
0 0.94327 0.690561 0.0812111 0.0208739 0.759996
0 0.834086 0.814102 0.0648008 0.0273666 0.759136
0 0.205688 0.608469 0.0373527 0.0167414 0.758935
0 0.0556966 0.865647 0.068985 0.0234492 0.756092
0 0.471787 0.577521 0.0262444 0.0171989 0.753244
0 0.859666 0.92051 0.0274546 0.010926 0.752946
0 0.738042 0.722717 0.058012 0.0383695 0.751648
0 0.734688 0.817178 0.0549288 0.0269451 0.751471
0 0.0347539 0.588789 0.0514507 0.0238357 0.747511
0 0.934821 0.877765 0.0748206 0.0402065 0.747097
0 0.152992 0.8827 0.0387649 0.0220154 0.747037
0 0.104716 0.705198 0.0452711 0.028641 0.746928
0 0.390127 0.628245 0.0438674 0.0160151 0.744172
0 0.10772 0.937282 0.0304695 0.0163952 0.735825
0 0.804453 0.886502 0.0403791 0.026681 0.730371
0 0.504364 0.519945 0.0393086 0.0147747 0.728696
0 0.155008 0.796326 0.0837009 0.0249417 0.726356
0 0.276453 0.77056 0.0266992 0.0154686 0.724115
0 0.842939 0.781229 0.0765929 0.0393911 0.720829
0 0.971827 0.907294 0.0367478 0.0221725 0.720221
0 0.56153 0.92455 0.0372302 0.0283236 0.717742
0 0.129243 0.844255 0.0272481 0.0127846 0.717322
0 0.861856 0.568515 0.0484435 0.0217154 0.717254
0 0.197373 0.679191 0.0289065 0.0157217 0.713156
0 0.522203 0.735594 0.030307 0.0117059 0.711815
0 0.601568 0.693776 0.0600775 0.014427 0.709827
0 0.38468 0.743118 0.0486073 0.0109751 0.709663
0 0.797625 0.537149 0.0527294 0.0158172 0.708409
0 0.772743 0.879118 0.0520883 0.0224891 0.705292
0 0.749061 0.755066 0.0290679 0.0122234 0.705223
0 0.943993 0.850825 0.0854649 0.044535 0.702499
0 0.633644 0.907021 0.0209077 0.0217259 0.701801
0 0.725064 0.604934 0.0391401 0.0194418 0.699356
0 0.624558 0.850689 0.0748673 0.018042 0.694037
0 0.729522 0.54662 0.0369604 0.0160189 0.693496
0 0.481626 0.614964 0.0334457 0.0296799 0.687324
0 0.182456 0.961492 0.0439609 0.0285206 0.684943
0 0.250328 0.677549 0.0214896 0.0156682 0.684895
0 0.182611 0.76405 0.0225292 0.0147063 0.683289
0 0.589679 0.961842 0.0362866 0.0206377 0.682821
0 0.229803 0.755068 0.0333211 0.0122516 0.677575
0 0.461106 0.784138 0.0251601 0.0107926 0.677405
0 0.0984372 0.549469 0.0287065 0.0178655 0.675349
0 0.117022 0.673337 0.0558075 0.024189 0.670341
0 0.198492 0.871098 0.0408155 0.0191131 0.670115
0 0.269551 0.614428 0.0392825 0.0170668 0.665927
0 0.848682 0.545975 0.0322313 0.0181873 0.665897
0 0.96859 0.654487 0.0576215 0.0261089 0.664065
0 0.931672 0.921892 0.0603248 0.0250561 0.663002
0 0.896726 0.504157 0.0414019 0.0129023 0.659992
0 0.549414 0.519855 0.0388561 0.0189476 0.657934
0 0.728387 0.886077 0.0186583 0.0140376 0.657498
0 0.456888 0.531195 0.032137 0.0138017 0.653502
0 0.888543 0.923719 0.0251883 0.0177359 0.653353
0 0.270617 0.513465 0.0284465 0.0178787 0.650753
0 0.557788 0.71643 0.0259902 0.00984818 0.649583
0 0.428772 0.553015 0.0243189 0.0182403 0.647787
0 0.195381 0.463667 0.0313788 0.0151332 0.64754
0 0.634121 0.828242 0.0644851 0.0366272 0.643007
0 0.775988 0.600264 0.0420544 0.0137934 0.642792
0 0.564487 0.492899 0.0471617 0.0187785 0.642088
0 0.159329 0.727712 0.0391118 0.0124926 0.64154
0 0.517602 0.955316 0.0604279 0.0356514 0.637975
0 0.220262 0.543779 0.0307237 0.00997021 0.636343
0 0.789845 0.758483 0.022826 0.00859678 0.634994
0 0.348814 0.718049 0.0783352 0.0485699 0.634227
0 0.305163 0.77874 0.0277439 0.0207834 0.633488
0 0.209583 0.442526 0.024321 0.0173244 0.632447
0 0.0874252 0.64023 0.0249379 0.00975685 0.631706
0 0.25956 0.577072 0.0279985 0.0212887 0.628387
0 0.104248 0.958719 0.0268617 0.0150016 0.627171
0 0.6358 0.542287 0.0321779 0.0221745 0.623128
0 0.380657 0.582303 0.0294826 0.0126621 0.619202
0 0.421344 0.692714 0.0339603 0.0141327 0.616172
0 0.752695 0.801707 0.0317777 0.0173369 0.612661
0 0.821371 0.924407 0.050618 0.0216147 0.611956
0 0.542563 0.603364 0.0303368 0.0115516 0.610923
0 0.216016 0.830667 0.0199173 0.0115468 0.60997
0 0.480429 0.656522 0.0288457 0.0134528 0.608947
0 0.293302 0.667518 0.020774 0.00866288 0.602892
0 0.863217 0.751544 0.0286411 0.0122621 0.60143
0 0.306066 0.581538 0.0230703 0.0227924 0.598145
0 0.144981 0.628203 0.0245337 0.023584 0.591555
0 0.97839 0.532347 0.0432204 0.0370953 0.588429
0 0.96099 0.469011 0.0346992 0.00895652 0.579049
0 0.444638 0.589396 0.023599 0.010623 0.57686
0 0.622563 0.946885 0.0537011 0.0356906 0.574425
0 0.0808058 0.484008 0.0208829 0.0139568 0.574165
0 0.934406 0.507933 0.030761 0.0103395 0.573922
0 0.256095 0.707339 0.0182326 0.00719338 0.573358
0 0.43884 0.416052 0.03009 0.0148723 0.573289
0 0.0959981 0.520183 0.0361463 0.0113327 0.56958
0 0.227127 0.817054 0.0144928 0.00704499 0.568066
0 0.141005 0.434145 0.0273543 0.0138402 0.566432
0 0.793235 0.686069 0.0316542 0.0138071 0.562906
0 0.199127 0.397412 0.0229958 0.0142306 0.556688
0 0.110309 0.856523 0.0243604 0.0123927 0.555498
0 0.328495 0.887236 0.0335161 0.0161718 0.555436
0 0.534458 0.585188 0.0215188 0.0144198 0.555337
0 0.149212 0.609263 0.0226697 0.0140125 0.548651
0 0.44554 0.672821 0.0299249 0.0180015 0.538146
0 0.044554 0.762989 0.0260072 0.0131743 0.53718
0 0.683273 0.450658 0.0222274 0.013562 0.530316
0 0.485309 0.892819 0.0894809 0.0800736 0.525802
0 0.042881 0.678472 0.0342287 0.0098381 0.515551
0 0.0322503 0.909405 0.0189632 0.00951461 0.510858
0 0.886488 0.90432 0.0213762 0.0133743 0.504116
0 0.435679 0.644264 0.0373552 0.0111126 0.500044
0 0.559847 0.769411 0.0163106 0.0122486 0.495996
0 0.230879 0.939088 0.0325535 0.0106556 0.493231
0 0.875721 0.786624 0.027175 0.0204855 0.488901
0 0.139998 0.708339 0.0159371 0.00840092 0.487434
0 0.274968 0.69055 0.0160787 0.0105518 0.48576
0 0.371052 0.782189 0.030137 0.0119653 0.485639
0 0.224797 0.778079 0.0183734 0.0107064 0.484932
0 0.0402571 0.94893 0.0405814 0.0223381 0.484205
0 0.283892 0.434252 0.0518145 0.0171321 0.483168
0 0.0922033 0.403591 0.0284817 0.0127857 0.479683
0 0.0515443 0.885449 0.0273995 0.0121757 0.477786
0 0.432083 0.510267 0.044028 0.00941953 0.474262
0 0.208996 0.955638 0.0283877 0.0190628 0.467318
0 0.596301 0.885091 0.0159913 0.013739 0.467109
0 0.647411 0.508006 0.0256604 0.0118278 0.466157
0 0.707128 0.614288 0.0249338 0.0124662 0.463876
0 0.0836501 0.788183 0.0207441 0.00872577 0.463409
0 0.549302 0.668022 0.0280907 0.0131897 0.460811
0 0.148479 0.492337 0.0901219 0.0198082 0.459409
0 0.952024 0.941413 0.0656442 0.0232605 0.455607
0 0.90095 0.707815 0.0169308 0.0105215 0.454816
0 0.536722 0.451982 0.023918 0.0108705 0.45161
0 0.599245 0.906886 0.0220163 0.0121252 0.448636
0 0.431312 0.490325 0.0266995 0.011258 0.439482
0 0.311978 0.684983 0.0172681 0.0194745 0.437209
0 0.236351 0.486432 0.0221136 0.0137435 0.433976
0 0.0610782 0.81435 0.0332688 0.0151535 0.433811
0 0.357014 0.818953 0.0161462 0.0087651 0.431685
0 0.382456 0.472226 0.0348085 0.0138115 0.429583
0 0.314763 0.954499 0.049093 0.025353 0.426629
0 0.194035 0.657081 0.0258239 0.00869104 0.426264
0 0.591323 0.677727 0.0411004 0.0204765 0.423917
0 0.616353 0.943834 0.0445046 0.0286843 0.423598
0 0.134802 0.515273 0.0326431 0.0148954 0.421233
0 0.514048 0.71068 0.0210992 0.0104496 0.420218
0 0.772201 0.582911 0.0259796 0.0116478 0.41953
0 0.115994 0.868042 0.0381905 0.0152004 0.41671
0 0.111545 0.861261 0.0287414 0.0219498 0.415423
0 0.290783 0.598233 0.0240734 0.0120227 0.411688
0 0.597768 0.532293 0.0238189 0.0203668 0.410594
0 0.17516 0.633301 0.0278251 0.0127251 0.408632
0 0.214246 0.637537 0.0214587 0.00846928 0.402845
0 0.980544 0.576685 0.0377097 0.0234313 0.398851
0 0.218969 0.586643 0.0146246 0.00918909 0.397829
0 0.95885 0.765252 0.0220389 0.0163044 0.395901
0 0.773138 0.64795 0.0185467 0.012477 0.393828
0 0.397091 0.543135 0.0159564 0.0101507 0.393688
0 0.570977 0.869585 0.0240679 0.0124051 0.393373
0 0.768335 0.445835 0.0228347 0.00806591 0.386819
0 0.16036 0.392752 0.0217404 0.00995217 0.386687
0 0.839707 0.930532 0.0225461 0.0114944 0.38406
0 0.244989 0.634312 0.032162 0.015003 0.378492
0 0.184739 0.917671 0.0186513 0.0167698 0.375471
0 0.21335 0.958803 0.0412549 0.0256141 0.374441
0 0.515395 0.578704 0.0172922 0.00747441 0.373162
0 0.615619 0.518002 0.0192081 0.00743603 0.373015
0 0.676303 0.853468 0.0209532 0.0178544 0.370785
0 0.733189 0.471372 0.0181902 0.00812473 0.369956
0 0.59825 0.537281 0.0246067 0.0115464 0.369374
0 0.666535 0.579331 0.0668204 0.0225442 0.359943
0 0.152992 0.686603 0.0360863 0.0121578 0.352168
0 0.114234 0.864777 0.0363727 0.0241481 0.347968
0 0.19426 0.824233 0.0259941 0.0122711 0.343215
0 0.593191 0.608577 0.0195852 0.00774997 0.342787
0 0.611499 0.870236 0.0190492 0.00771674 0.34122
0 0.422438 0.783916 0.0168354 0.00878083 0.339093
0 0.0315787 0.630302 0.0216273 0.00821366 0.337354
0 0.124114 0.819607 0.0152624 0.0100826 0.336543
0 0.456222 0.71781 0.075794 0.0198862 0.334881
0 0.0760263 0.925539 0.0335443 0.0128521 0.325196
0 0.229193 0.889844 0.0156307 0.00929127 0.322593
0 0.173379 0.810362 0.0214993 0.00771213 0.317745
0 0.510602 0.466824 0.0209785 0.0131095 0.314882
0 0.867829 0.687571 0.0141983 0.0132133 0.310651
0 0.421309 0.96387 0.0847355 0.0343399 0.309725
0 0.686113 0.870306 0.0246746 0.00726508 0.309663
0 0.988823 0.733591 0.0223535 0.0176041 0.308385
0 0.295301 0.410134 0.0219697 0.0165656 0.303932
0 0.430458 0.46973 0.0246899 0.00882491 0.301799
0 0.364923 0.394578 0.0211602 0.00880308 0.301526
0 0.0891417 0.837584 0.0115775 0.0108242 0.30007
0 0.214206 0.707051 0.0153181 0.00909216 0.294501
0 0.776322 0.567109 0.0189047 0.0176764 0.293032
0 0.693115 0.68628 0.0511079 0.0264846 0.287532
0 0.60192 0.782454 0.0164282 0.00705666 0.283847
0 0.505106 0.884854 0.0508086 0.062542 0.283478
0 0.455512 0.691544 0.0208202 0.0139315 0.283369
0 0.876183 0.783141 0.0247332 0.0305446 0.279867
0 0.590716 0.659535 0.0168443 0.0106677 0.277821
0 0.361565 0.717602 0.0543182 0.0470833 0.276145
0 0.674803 0.634549 0.0260955 0.0180998 0.273619
0 0.651899 0.469292 0.0233477 0.00848072 0.271914
0 0.825988 0.463093 0.0221984 0.0142529 0.256267
0 0.806511 0.653521 0.0196971 0.00740501 0.256133
0 0.2605 0.390585 0.0243935 0.00929547 0.255685
0 0.121728 0.652366 0.0319976 0.0154815 0.255021
0 0.817626 0.758918 0.0142958 0.010244 0.250368
