0 0.302125 0.5892 0.198144 0.0702589 0.928076
0 0.468886 0.719382 0.274875 0.132813 0.914655
0 0.842875 0.785619 0.0748018 0.0392291 0.895888
0 0.155664 0.603919 0.0691565 0.0337547 0.892214
0 0.408939 0.870764 0.0619433 0.0851078 0.890338
0 0.122001 0.564531 0.0528772 0.0498518 0.885363
0 0.763091 0.460275 0.0964701 0.0286978 0.871503
0 0.0567367 0.620654 0.100058 0.0291401 0.855967
0 0.519186 0.606709 0.1366 0.0421603 0.852615
0 0.361639 0.658651 0.0967711 0.0481998 0.852507
0 0.647292 0.702544 0.138269 0.0825083 0.849089
0 0.540921 0.680774 0.0734554 0.0673406 0.847224
0 0.389854 0.546652 0.084754 0.0211912 0.84689
0 0.472329 0.633138 0.0671516 0.040633 0.845651
0 0.810833 0.591235 0.0413743 0.0317877 0.844536
0 0.165314 0.664896 0.167369 0.0755259 0.841411
0 0.211345 0.73654 0.240382 0.101179 0.838437
0 0.499664 0.829511 0.0576342 0.0274051 0.836834
0 0.918581 0.47544 0.0646157 0.0234316 0.83672
0 0.443101 0.574653 0.0545438 0.034208 0.830158
0 0.399786 0.443895 0.0457108 0.0300212 0.829106
0 0.596403 0.637129 0.0695946 0.0252159 0.82704
0 0.238576 0.52382 0.0620028 0.0310656 0.817995
0 0.597866 0.493297 0.0462934 0.0182873 0.816637
0 0.198886 0.829608 0.0578622 0.0314945 0.814121
0 0.890909 0.588114 0.111876 0.0299031 0.813271
0 0.413797 0.790812 0.0729178 0.0440743 0.811258
0 0.156927 0.856343 0.209069 0.141421 0.807343
0 0.302183 0.682731 0.0481107 0.0212334 0.806419
0 0.0447192 0.70844 0.0459416 0.0139285 0.80063
0 0.0491303 0.55632 0.0264803 0.0240373 0.786864
0 0.589264 0.823438 0.0757408 0.0910307 0.786113
0 0.0311637 0.660871 0.0532743 0.017809 0.783633
0 0.861676 0.548913 0.0393042 0.021697 0.767397
0 0.86255 0.445114 0.0316204 0.0190142 0.766389
0 0.796773 0.430366 0.04802 0.0169993 0.763774
0 0.236009 0.80281 0.0252248 0.0197498 0.763658
0 0.788934 0.708218 0.174051 0.0818314 0.761096
0 0.504705 0.893731 0.0420916 0.0153195 0.759708
0 0.163931 0.799652 0.0738604 0.0256547 0.75856
0 0.329312 0.646446 0.0767855 0.035337 0.756612
0 0.318779 0.741852 0.0521668 0.0317084 0.75501
0 0.127444 0.504836 0.0364634 0.0169294 0.746832
0 0.451939 0.522628 0.0399641 0.0150415 0.739921
0 0.58148 0.579971 0.226417 0.0696192 0.731524
0 0.762605 0.494344 0.0248097 0.017282 0.73043
0 0.528837 0.453531 0.0931816 0.0328998 0.725372
0 0.493043 0.860728 0.113314 0.048117 0.724454
0 0.802195 0.492214 0.0392599 0.0154591 0.722369
0 0.450719 0.434571 0.0308575 0.0150305 0.709508
0 0.259161 0.370763 0.0401677 0.0138753 0.709408
0 0.706005 0.643287 0.186363 0.109817 0.708142
0 0.461381 0.903865 0.0409038 0.0279842 0.70743
0 0.141818 0.473065 0.0285188 0.0181761 0.70542
0 0.769485 0.563671 0.0321748 0.0142521 0.700879
0 0.282026 0.904831 0.0507099 0.0424248 0.69752
0 0.71092 0.569681 0.0329332 0.0187678 0.687933
0 0.458146 0.394966 0.0340963 0.0131817 0.684645
0 0.0912156 0.434426 0.0268362 0.0179234 0.677729
0 0.964366 0.408923 0.0342557 0.0119203 0.657771
0 0.0426064 0.469163 0.026985 0.0125892 0.657263
0 0.237132 0.667633 0.0347604 0.0234269 0.656303
0 0.945006 0.3802 0.0385446 0.0134515 0.653612
0 0.446789 0.837977 0.0466359 0.0262794 0.648768
0 0.0819323 0.693936 0.030176 0.0200834 0.64645
0 0.88599 0.922623 0.0512231 0.0264406 0.640778
0 0.268477 0.46315 0.0422785 0.0121864 0.640067
0 0.542313 0.887405 0.0341485 0.0188709 0.633785
0 0.196936 0.528838 0.0334664 0.0147146 0.629861
0 0.90367 0.447698 0.0207443 0.0168759 0.625875
0 0.84253 0.924905 0.0476792 0.0262302 0.619984
0 0.260206 0.547679 0.0339146 0.0147096 0.616073
0 0.738019 0.544358 0.0297848 0.0129494 0.614961
0 0.776906 0.761009 0.0476816 0.030489 0.614656
0 0.843767 0.429293 0.0397994 0.0161602 0.608796
0 0.0488469 0.727839 0.0237559 0.0134649 0.607748
0 0.987503 0.476943 0.0242568 0.015555 0.598866
0 0.690434 0.50414 0.0221878 0.0157411 0.598417
0 0.047828 0.49496 0.0888335 0.0298961 0.592067
0 0.146857 0.432637 0.0249036 0.0113899 0.576273
0 0.933359 0.641739 0.0868357 0.0644131 0.572542
0 0.86387 0.687412 0.0600699 0.0469805 0.564536
0 0.630615 0.747318 0.0498642 0.0163044 0.556524
0 0.565302 0.481069 0.0245273 0.0134655 0.552551
0 0.942476 0.751546 0.103359 0.0397907 0.54997
0 0.383851 0.471989 0.0216483 0.0110343 0.540908
0 0.452933 0.816904 0.0284653 0.0105479 0.540152
0 0.111936 0.460606 0.023116 0.0154182 0.536938
0 0.316949 0.462064 0.034094 0.0110188 0.531477
0 0.140746 0.921601 0.0496393 0.0181862 0.509973
0 0.914378 0.844304 0.135601 0.0971087 0.502499
0 0.714675 0.875392 0.291004 0.104428 0.50172
0 0.826804 0.650006 0.0809298 0.0472599 0.499568
0 0.155965 0.640137 0.0337205 0.0175033 0.49595
0 0.712946 0.841859 0.271362 0.172198 0.486624
0 0.311593 0.769659 0.0195493 0.0232628 0.483369
0 0.490065 0.505396 0.029669 0.0177805 0.47684
0 0.0169681 0.569366 0.0236493 0.0138576 0.476723
0 0.566873 0.542111 0.0214844 0.0111299 0.463185
0 0.0594198 0.741678 0.0292497 0.0146365 0.454637
0 0.614365 0.897407 0.0595747 0.0477516 0.454144
0 0.939341 0.44247 0.0193682 0.0125698 0.453885
0 0.0650654 0.840772 0.0415032 0.0141753 0.442481
0 0.932844 0.600799 0.0311765 0.0133884 0.440903
0 0.614348 0.580179 0.165002 0.0673794 0.424188
0 0.800885 0.410465 0.0207852 0.0169685 0.414597
0 0.375155 0.570111 0.0455172 0.0204749 0.401248
0 0.811549 0.890632 0.0929119 0.0363037 0.400813
0 0.291422 0.389654 0.0348964 0.0146957 0.389987
0 0.936376 0.545386 0.0350979 0.022798 0.384229
0 0.481618 0.502812 0.0463655 0.0237884 0.378683
0 0.943199 0.814237 0.0739676 0.0441207 0.370571
0 0.687795 0.415916 0.0279303 0.0131681 0.366567
0 0.272829 0.850314 0.18211 0.0825022 0.366376
0 0.189255 0.636958 0.0252007 0.027417 0.363432
0 0.702636 0.80051 0.153795 0.102875 0.359551
0 0.967969 0.674042 0.0240615 0.0156538 0.353209
0 0.878597 0.489647 0.0132117 0.0111719 0.350134
0 0.553184 0.915452 0.106867 0.0345201 0.330556
0 0.567389 0.466772 0.0239793 0.0100798 0.311809
0 0.596278 0.37957 0.0175313 0.00847912 0.308207
0 0.417823 0.357997 0.0178867 0.00949031 0.298797
0 0.984026 0.458172 0.0132858 0.00817297 0.298598
0 0.67245 0.406302 0.0245861 0.0113703 0.283617
0 0.215316 0.850226 0.0645577 0.0268562 0.280164
0 0.155434 0.515336 0.0217093 0.0129828 0.270555
0 0.812834 0.634001 0.0221615 0.0153107 0.264363
0 0.677474 0.406516 0.0349212 0.0130724 0.261579
0 0.376069 0.355404 0.0230644 0.0100687 0.260089
0 0.316247 0.493892 0.0209858 0.00688626 0.251069
