0 0.526794 0.838792 0.0757944 0.057666 0.93539
0 0.67292 0.78563 0.180711 0.0822937 0.934089
0 0.0833476 0.891928 0.0821667 0.0452326 0.912001
0 0.906855 0.795272 0.0742656 0.042363 0.90471
0 0.194579 0.90721 0.0922234 0.0466097 0.89941
0 0.310977 0.842054 0.145747 0.0494141 0.898241
0 0.290378 0.890529 0.0761328 0.0225899 0.877777
0 0.807194 0.918627 0.0566162 0.0279896 0.86387
0 0.287763 0.798736 0.061757 0.0266089 0.860795
0 0.0958779 0.795859 0.0563124 0.0246941 0.855647
0 0.894523 0.617219 0.0453968 0.0239784 0.836985
0 0.455179 0.955021 0.0516811 0.0251388 0.83474
0 0.07754 0.621527 0.0724229 0.0237166 0.831253
0 0.829788 0.822061 0.0491245 0.0297203 0.817242
0 0.758033 0.77433 0.0516743 0.0280275 0.816719
0 0.49581 0.896903 0.0795367 0.0399834 0.802704
0 0.582239 0.889664 0.0972979 0.025272 0.79673
0 0.110429 0.762083 0.0475672 0.0238006 0.796644
0 0.859257 0.596733 0.0379445 0.0142748 0.792694
0 0.790933 0.888579 0.0431958 0.0172481 0.792046
0 0.506161 0.710011 0.027475 0.0225147 0.791626
0 0.0406901 0.557668 0.0292471 0.0126621 0.79066
0 0.435506 0.810123 0.0331013 0.0179754 0.79004
0 0.55508 0.67084 0.0332261 0.0188904 0.772604
0 0.976338 0.656577 0.0432247 0.01738 0.770508
0 0.818823 0.679544 0.0428233 0.0215771 0.759061
0 0.705795 0.759347 0.0474462 0.0184257 0.752812
0 0.366137 0.773369 0.0299505 0.0172808 0.730869
0 0.6628 0.832611 0.056322 0.0230061 0.721548
0 0.156303 0.753353 0.0236557 0.0214567 0.70254
0 0.83601 0.783479 0.0213035 0.019867 0.671506
0 0.338451 0.665641 0.0239237 0.0138414 0.666556
0 0.823892 0.859697 0.024904 0.0166109 0.643573
0 0.302534 0.613609 0.0285056 0.0103663 0.636386
0 0.267982 0.656021 0.0203148 0.0162505 0.626749
0 0.332957 0.743976 0.0311576 0.0141245 0.624388
0 0.640155 0.718148 0.0243411 0.0115477 0.621047
0 0.183129 0.787588 0.0367596 0.0123237 0.597575
0 0.392699 0.662669 0.0176126 0.0129752 0.590078
0 0.189037 0.59514 0.0351631 0.0207921 0.58263
0 0.341884 0.603224 0.0265925 0.0158451 0.535059
0 0.139796 0.714468 0.0203937 0.010858 0.520356
0 0.40929 0.693637 0.0216675 0.0110818 0.503674
0 0.85611 0.681923 0.0251877 0.0107626 0.481319
0 0.858059 0.521116 0.0299787 0.00979682 0.478656
0 0.526823 0.656943 0.0177428 0.0117108 0.466768
0 0.342057 0.935445 0.0160499 0.0128675 0.426801
0 0.921785 0.591364 0.0221008 0.0122375 0.422877
0 0.442843 0.776223 0.0176204 0.0140261 0.402743
0 0.423212 0.65989 0.0187016 0.0103665 0.381338
0 0.252095 0.871118 0.0296421 0.0103014 0.361367
0 0.293387 0.632511 0.0168474 0.00766027 0.322753
0 0.426291 0.932772 0.0177192 0.00907588 0.321383
0 0.523394 0.76438 0.0158918 0.0112646 0.311076
0 0.661599 0.659902 0.0197214 0.0125116 0.306326
0 0.186917 0.80648 0.0137046 0.0163565 0.269912
0 0.387149 0.807747 0.0190317 0.00833243 0.261096
